,PA,PB,TEE,TGE,cost,feas
0,692.9609799287562,5033.677967418439,2723.518940862867,1274.3036168555973,156119.26541253735,1
1,155.9106936438482,2203.9760605192937,311.7427708924622,120833.56313583128,117202.34623660684,1
2,97276.1539343929,96.5446681180102,32510.02052721234,1033.133117176644,9166666.666666668,0
3,871.4660793269168,61797.75082093915,2.539992094365602,3.137236545913724,9166666.666666668,0
4,1.2724838240993435,20404.046502681143,27207.709525058,90818.25149560724,9166666.666666668,0
5,116256.66146220923,13693.600667891771,426.53732708963486,28068.05786293689,9166666.666666668,0
6,4.094484410566696,2052.5304321876006,6.56094028443958,241902.20233186148,120767.05331311865,1
7,502.49823049439107,140.0644896070291,32.18803744382828,25842.502825659438,113693.16247905631,1
8,229.65491654324143,875.5198442097652,1.279624389435989,3310.443434130352,81516.95822620815,1
9,1473.2054610823836,1560.654139527982,238996.7477298127,7685.523112342468,120649.15947435933,1
10,72.58480287627812,182.85939392247354,9457.563364171698,2.204058697718797,114140.5886520963,1
11,2826.4764262254985,2959.93936765049,15.81116624329172,5.4293407988367095,113629.02267320183,1
12,42.92259100297424,76.31328387524331,1776.373522294261,315.91981694136837,114140.5886520963,1
13,130590.98086359836,3.3743742861863133,15.501808500489858,8.304205804711769,9166666.666666668,0
14,2401.8633463870774,20.467295032964284,454.4552315012366,24.715768406813307,145659.51725487408,1
15,6.650297477507057,3.7265916231480376,5500.506007244715,6.130564906818559,114140.5886520963,1
16,10.411858180662298,81.01307797023082,47732.676890567906,3.5758332480521107,117332.1020123659,1
17,21740.989749455715,3.1435048092137516,367124.35926122,468.6289787472939,9166666.666666668,0
18,113711.5372580117,1351.249691569978,16332.059907611245,1.672361082733408,9166666.666666668,0
19,29.096091044055637,4.1893666378038095,48.718521815737155,4.749257409998893,114140.5886520963,1
20,44.24966176459059,139.4000934360101,2.3204630512983995,8838.485161220691,114140.5886520963,1
21,856.605452556362,23.641782865269978,959.3453205951104,3.430553155605974,85806.6091926677,1
22,957.5283062052679,64583.551770194994,65.39053706676202,6361.385813067847,9166666.666666668,0
23,4.810583568795416,5102.405615452065,44.59812934851682,11.066290767209274,156220.84754745482,1
24,1086.0366343682647,1.270803768582733,52979.07384566041,1.0635535902328914,87225.05374349434,1
25,3224.3356964945124,24.979624744567303,15482.770611319951,304427.34293438616,121438.96617124038,1
26,19.389605446547403,959.9374663634788,2366.0788181459334,1824.9309892645215,117157.35654367095,1
27,14.278772980593747,85411.39803935544,353.3085284522277,66628.13174737548,9166666.666666668,0
28,4174.154914083988,34.63863754770494,43431.95354037968,181.83367809257444,149169.76495357117,1
29,36363.90854891513,1020.2848434827736,105921.31869056274,8845.385373884226,9166666.666666668,0
30,5675.215253072821,393.4601482405843,280990.7062786989,4678.222016758988,157514.45299763314,1
31,156.28324204669718,1376.406184065725,1.2864160841489702,52.319770981660916,83409.35729430456,1
32,2612.8740572923384,31.729860821197292,3326.989207717732,277.6770363689471,145758.4003212374,1
33,5.026042071837328,34.989403614901455,1770.977035253585,2330.054840338663,114140.5886520963,1
34,939.2039283961952,2404.51258276849,5203.756609009107,287.5019024623486,114910.3792979974,1
35,43712.63616225421,79.89760896672887,304.7762597442051,121072.20344652707,9166666.666666668,0
36,14891.335893063517,4399.380693686284,3.725546809288618,173821.63683095723,287851.7168817062,1
37,4977.120407981072,147952.8242737527,7.107246944214933,88598.09029949125,9166666.666666668,0
38,6.93550770962774,1535.2972786278262,5.077458333504964,68041.43468518625,116661.43610192178,1
39,15092.340872537647,882.5053739371614,209.18252316175543,2.4784526849128397,192981.30911516416,1
40,4073.380466888679,222.6272467671379,13030.863719836963,86593.81785063163,118458.63981803559,1
41,112043.93039713625,26897.765315908746,1.1661601976938516,112.59113358037428,9166666.666666668,0
42,6004.789246916007,7.733407090576654,931.905746810644,2.0401897702967,126587.31403523448,1
43,10.844268558642852,1.247011614360165,33362.562773423095,18.886004137155204,118795.92446801245,1
44,61.315717659532154,63655.138996888476,10338.000460677355,1.5186199622199177,9166666.666666668,0
45,7.119868685783117,1647.513271374291,1948.0872865518402,22.68527525774675,113365.26437641341,1
46,68482.07465282454,1506.4121784376762,1128.6395836486765,2300.802075676739,9166666.666666668,0
47,6014.205383056639,41.17710069418083,185.97299647572532,15.69976786424965,151986.4224229428,1
48,9.199240865743018,77296.11621198268,16393.73073850004,623.892893327705,9166666.666666668,0
49,15.03553438011194,20.728714118304985,2.1414426303737764,299.0386465636328,114140.5886520963,1
50,41.10398603761673,4021.0312265052494,142.16621506290488,10.557375559794716,154187.14197035387,1
51,1.341959318242683,2.22889817998034,7444.560048585293,385.12765757552404,114140.5886520963,1
52,598.9395120045726,43777.64973576507,440465.55872959347,17.222230922149585,9166666.666666668,0
53,2704.91293762575,23.0664442734509,1.3112618516129497,20988.29695077619,81447.18587482354,1
54,45.335454825119896,96.5704179013459,2253.2095494772734,54465.33993473328,117882.74385697949,1
55,1801.6375409588018,32879.06281185856,36.21661458029357,35321.97416307498,9166666.666666668,0
56,9.138366856938086,85454.82071385135,8278.946297012435,16.911097271284472,9166666.666666668,0
57,80108.13711854495,6067.0329423629955,28.003080186534632,16.43079437223542,9166666.666666668,0
58,481.1208586236312,1.3577898899339098,15.218285829007636,263.19022035648663,113605.41879393865,1
59,86.44461901936555,250.9046452778606,38.21181526798578,2208.3422908163416,114140.58865209694,1
60,29607.071391334062,4.058407130062956,888.2352667657717,5.657859735094666,9166666.666666668,0
61,5134.889825562331,112.2124812865331,1668.4726657633375,11.079146088809528,151399.21129564484,1
62,5.620115242563831,335.9107079236765,106.32278065476606,228819.7185679774,88623.0105757703,1
63,9149.415626847656,7501.553633714599,141342.14867189698,2.9882846039030713,158767.84218948605,1
64,721.4373403263864,1059.9892763800572,303421.6511976306,46.23171370304599,124552.67828575269,1
65,17.642159439125034,3.3046890231549995,1.2406005410240404,198316.88604117787,55499.19876903867,1
66,2934.6018102524927,11588.390593939883,40.32472571216188,2197.525621552766,179410.11729104465,1
67,2.1430795589450726,326.32680919620003,372147.8212859087,98895.63006499098,91170.36811121114,1
68,56.278380933693015,94880.04279177921,20.915132450860067,257122.15153177298,9166666.666666668,0
69,74585.9299235276,13700.787378947743,3916.5518598697367,96059.62722314872,9166666.666666668,0
70,32.86243449006733,24786.163838289736,3320.9377397824433,1.1896972434527675,9166666.666666668,0
71,62.70647342831174,5.845082097624643,393927.44745576434,532.3754630045165,98624.61899472355,1
72,375.4422114245856,2041.587991423319,126.05283405388688,6.028240104600353,113559.50059271403,1
73,18003.47801489533,9.608821315054643,820.3355720394351,18.98348832758986,244279.08476131,1
74,3.209607904727938,29025.65152744279,350460.42603963835,299066.5876373067,9166666.666666668,0
75,49250.88007038773,10151.720049848245,79.1742992976797,2.8986407199022843,9166666.666666668,0
76,128.20869146761055,15.92447463238789,5.689093303429014,2.01595069615423,114140.5886520963,1
77,5698.265049935337,1.145907517931419,24632.95829904506,6.877720525192761,151520.39321854254,1
78,2.5799634688002966,2.9093333296267114,6760.523014721934,25.02305721919034,114140.5886520963,1
79,150.22792116366742,767.3468750670778,80214.95179465723,13912.444505530897,119268.64063842973,1
80,25.075055756559326,4.792553482948229,2.068124078960821,52.336125867804604,82490.8788702824,1
81,22.73774863789318,229.62818901239416,7834.29346579712,9211.885876014776,114140.5886520963,1
82,29.344007404105405,92.58413971978538,10.773923739953908,31181.515680917833,113772.23856580842,1
83,1.969023192205071,4052.484201873807,27400.70291422383,26941.537481570056,154494.98594538783,1
84,22.018861904638158,86.07775186205721,2232.095107492765,35.87598538673402,114140.5886520963,1
85,83.0936683816134,10.47058477071742,417.5465386436375,1.7957429358672996,81815.00865704483,1
86,13798.011010081162,2.5022666780174982,905.3696885620261,56.040442304217976,175395.19053362773,1
87,975.9217772097904,92494.2061096384,4776.232493310123,1.590484571726376,9166666.666666668,0
88,168.96716019411954,436.40907320905444,1136.735594717683,7642.500558058455,113605.12779847103,1
89,27.344043421114108,4.645089075369283,172.92066700899636,282180.8427573169,90337.4392331866,1
90,9.302647677767865,47764.3033012905,1256.416981673427,401.720955129405,9166666.666666668,0
91,36772.811337718646,236.46994909452903,13397.064218616826,187.94610913011888,9166666.666666668,0
92,47798.721439545836,3729.3442609732965,9707.895696593581,73.73416021610893,9166666.666666668,0
93,8263.334202150783,1960.243711591737,23.327507537266587,8.220645753744037,150597.06409288823,1
94,13249.361510511453,92200.62604767983,408.2436463540906,2333.4636030031106,9166666.666666668,0
95,27520.14268675539,232.6110385643643,265891.2779435968,1910.6828367752366,9166666.666666668,0
96,17715.99378197136,50612.52761375618,44426.87654215799,8.100246691789769,9166666.666666668,0
97,1799.8475170333643,115.43355833435567,2.2771898137093025,260.94386120992164,144377.4087555071,1
98,21.825908866368923,24814.170779319098,1.548110897315834,291886.33709450596,9166666.666666668,0
99,69.09101777870262,70.20166578812302,1.2389553261545692,11.366675593702194,83300.90203673771,1
100,119.38665788831716,64579.87234555431,3.6957492659473856,243918.6930479169,9166666.666666668,0
101,31662.994304776716,224.27765823615633,72.75427638740865,21.203219606056166,9166666.666666668,0
102,1515.3934166106899,1.4831910762363258,1.2272654077374792,277.7755143921192,83942.89604111953,1
103,2.2509073498615684,20.140467494982296,18.21333277702974,27.72866866924791,114140.5886520963,1
104,4.768193119857061,1.154251873480753,4.551363741397239,3347.3447783912384,114140.5886520963,1
105,110366.95668266734,133695.28951225497,214.3813590100101,8.485401297838258,9166666.666666668,0
106,2024.3665330988988,345.0366420514571,435127.6114406588,2.3559535178262876,96790.22123457566,1
107,11326.426991860191,31.101185327572264,23.759509698970756,5964.769709582522,161100.9352661179,1
108,18.777834238717784,2796.066898908525,887.4128691768482,261.138210839666,114780.14500674882,1
109,743.2154306659766,30.60587943797274,10635.258660834821,231.34326171806848,113606.7244682666,1
110,73.48805009508807,19462.7324345339,186792.17809094145,1.8289182127376338,347386.2617151684,1
111,15.999210197831134,63.67486927726118,44103.140969651926,413319.6811336728,92747.91673429956,1
112,103630.11278520792,48316.472677738544,48.9852421442023,450238.17997478304,9166666.666666668,0
113,19.544334832798558,3.5332951930766274,262694.15270109155,21.392179512562368,121843.61278805506,1
114,3717.9495092704374,2.004739002068748,14597.861464395419,105900.26388801137,117782.0298113907,1
115,25.713324656840992,91.62902945032602,135.86347596135354,18506.39465143249,114140.5886520963,1
116,17.018135978782517,7.754027266174757,363.4959940848678,54.344590540749124,114140.5886520963,1
117,22065.789986458716,17.004872795458787,729.6296073243866,235372.4680514635,9166666.666666668,0
118,1912.6254994082396,30843.887519593693,228153.33291121753,18992.68774714837,9166666.666666668,0
119,4178.922858442732,102394.84864083577,464579.7463049312,375.7666360042876,9166666.666666668,0
120,2.3271717666459573,32.773937927750204,7.383544517915226,239.46515488690682,114140.58865209631,1
121,4.781515253076207,1339.5807092977525,151.9188438269964,126700.19895959448,119149.95591992683,1
122,102186.50397972034,677.2143610970734,36.830810932644475,2371.938324123176,9166666.666666668,0
123,43824.562834448945,127.43505659169213,1400.4820244500397,35.329783344186374,9166666.666666668,0
124,227.73012312729546,120.03445338873546,26.0435921876005,763.6904286650405,114140.5886520963,1
125,40.41657246654349,85.28300571998983,981.2751561974414,18950.406095929447,114140.5886520963,1
126,53.243313910394875,60747.73837535988,82097.04635911953,1.8944560580893357,9166666.666666668,0
127,20.553077163206925,203.81593118039999,3.9470370183314003,96.81757680836208,114140.5886520963,1
128,6773.487492470419,3329.6996273065174,3523.3045896923754,11201.599846161367,150256.30233984816,1
129,11.50015529120387,58.70304450798467,7143.081777302205,102502.04766115505,86365.8429202229,1
130,651.8193099463589,29.058901456857658,1.4869960964606932,11173.475506243287,82492.61536067333,1
131,1.0985222032048578,84.9221294554078,1055.6395964037458,179922.5349368958,86539.41220983004,1
132,2.905573943966414,126.23927869987425,1.3758154934585054,89.64575370006273,81795.54174335813,1
133,1662.358715819101,27.82794699757998,15.680455398520534,4.564458429625057,113335.09548577495,1
134,971.2489724125539,3969.913099387321,6752.484383330203,255582.13598978793,123092.78102905554,1
135,1.0327425763001494,2238.4579636424605,2640.0815984537744,2265.7363778229587,113569.30856704283,1
136,96246.96354073,1.222726489688162,9316.064379726293,43364.08807421015,9166666.666666668,0
137,435.3199536272564,53.534363361910714,32134.708778215423,3.5824861189513717,114426.61628012583,1
138,194.0960962049626,491.27078834743236,9012.323453787081,3.2957560704301505,113605.37365140626,1
139,15.097462691979093,132.9714278417482,3565.641250444736,113439.13001784333,86584.58020860095,1
140,1596.2493017932122,4.90691746472022,387522.357582453,92956.71174812791,129783.36890181516,1
141,400.06313834943654,59450.74843407459,1217.0625654377125,182765.23354035194,9166666.666666668,0
142,19752.611206646303,102787.15003098198,174507.7219174232,1.60455882943713,9166666.666666668,0
143,8.028526460551834,103.3229032287493,266828.78074231645,51.26911402603907,121884.95887930808,1
144,6.770101329175539,38689.563945531205,349.9358071833565,149264.24201589843,9166666.666666668,0
145,6.750990800082483,2642.436578411343,322.8865252650837,2.728323114718316,113722.07095015947,1
146,4026.7697301251305,19.079128632272706,1.6817741580928665,2.195941456270492,83632.4482821407,1
147,2.070847327325913,49946.91015288501,16465.55046774946,131229.18625009447,9166666.666666668,0
148,3029.335836420743,546.8161631201153,54.32887327987807,486807.1359424385,125501.8124759384,1
149,74.94171407499607,272.9743949898487,143.08954614455027,382203.43748580734,92061.54702492982,1
150,8.0176619664868,49.85351961888122,7538.529525061754,2.2920195673626655,83571.9779467244,1
151,1390.5230005242634,296.7166304563687,41.543908092503976,22.840738234918632,117414.73598912462,1
152,460.43137853222123,80.24661716770807,399.66228466633,83.80568415212899,113605.31572532946,1
153,105527.08079788212,4.90562872579811,3.561909045877346,90.56891439849542,9166666.666666668,0
154,1146.0648041165248,2582.0079440151203,183.63450393605007,495285.1574256583,131801.71746049533,1
155,66.28728961018712,5420.841988335656,4300.952551603534,43010.013468919184,157337.41924290964,1
156,112988.2087048528,40332.31658535568,22762.279842885775,9534.482603141898,9166666.666666668,0
157,54.521669205617556,5.813451189779434,2.274891576666406,23.910604516401726,114140.5886520963,1
158,172.7938957504135,503.38509158295466,25455.403492103014,290961.6577422771,87718.30285655546,1
159,4.04819582860758,3.579836524297856,2294.3123251170764,17701.14113085731,114140.5886520963,1
160,24552.955125278764,69815.56393041415,402269.08358074934,189.870656346802,9166666.666666668,0
161,93.03569772096772,5.821986572413946,8006.096509321887,5531.802944440901,114140.5886520963,1
162,28981.086768111756,3.1872509313063917,686.7768801885031,2049.125166908406,9166666.666666668,0
163,17.79595436984543,7.497058975379597,79200.0403879635,2.15570220538108,87412.77480755089,1
164,272.88316723841314,3.9771077897769933,402.4984118016892,384393.3831306566,101069.07321172571,1
165,156.00652117460083,27324.787513218005,4.662060244727633,35.144506480396046,9166666.666666668,0
166,123.04616299290333,117.34487405184288,6701.843874695808,92.15910911682698,114140.5886520963,1
167,4949.056918191026,2034.6500432371824,188.28138906738323,288.7939005898651,150563.1002177916,1
168,1516.5315695915256,2.3043305000251544,48626.31210539136,5294.532242269449,116461.12061854464,1
169,5749.29881273462,601.3986552800598,4.261924399793315,203.36949530978677,151472.03198565665,1
170,125.38646507937374,45.89314438393,1.4814466056873097,15907.056151580366,81795.5517913521,1
171,3.7004485796422575,1375.0111748967772,10176.897933337494,4145.989649716911,114261.3079093225,1
172,92173.87096576756,3.425158533454959,87490.24415251623,1.4667438395681538,9166666.666666668,0
173,587.1897380905102,123.70915981397066,971.1987105893536,120.41850966610966,111605.9473462159,1
174,9.69151657129822,1.255977508552703,897.2640066075346,63527.25073258616,92174.95877438608,1
175,85.46727282344011,14.24175336131687,2.8770636643946217,3.0632637521180595,83802.11494014673,1
176,13.994848791019493,3.2936838211748416,32.39315812042853,2.382230608259858,114140.5886520963,1
177,2.185630687150817,27049.774482198896,8.393024732194334,1547.437947417088,9166666.666666668,0
178,10080.3702253531,230.36556518736998,7.4824639741714885,13.724370287188487,167667.65026886956,1
179,174.2471828869215,542.2353806691831,98.05048420394338,28420.309343629884,113731.90617186294,1
180,7715.367050709664,62998.89491844411,1.4621761928827026,127208.98920436106,9166666.666666668,0
181,107.63955026308687,35199.47577037677,8644.93473211731,423517.1002075337,9166666.666666668,0
182,8513.639596860006,77.07548250444258,717.041005236046,139.64664472328914,154790.1025284254,1
183,77.41354663770558,22.411219990671896,670.6869195885488,7677.423500057865,114140.5886520963,1
184,27.260797333703984,517.8902758069503,4.666021929567628,8.14617048974318,113605.49294186427,1
185,1.7469238073222206,105826.5250676755,1.0519619403453897,10.416501514470923,9166666.666666668,0
186,1486.8057903235845,2.6374028392073128,106145.53200354544,12620.997887912852,118971.66890910441,1
187,100489.9624629604,424.1973184974221,51.52186549673433,1353.9021619231987,9166666.666666668,0
188,65766.18145162395,496.0308907116156,33.32766287486686,100062.04658765074,9166666.666666668,0
189,84.15605780503077,1.0166239712599299,25.795830446973042,65.10333301479952,114140.5886520963,1
190,27868.304476206653,236.18604579369287,341.73512327322265,82.30699283306792,9166666.666666668,0
191,36180.14763971605,77901.32413474607,449524.3621246552,140.29338041175998,9166666.666666668,0
192,100199.91388151841,12555.699660813383,7091.4032926116915,24.86667954044965,9166666.666666668,0
193,13.194791630909961,7.235669025123007,181452.2020248544,47.41700049387449,85354.2501231313,1
194,221.44055609071907,360.388419221261,27213.009965120997,64754.46543349716,118245.02809518385,1
195,5.246298447645349,162.06749793009385,63592.327966747245,45914.226471909686,84721.62423576713,1
196,3.3892449680366092,6.44843735513905,54.152588250526755,2.688246408516554,114140.5886520963,1
197,157.7954430193605,3.6061107699798476,1730.8324237595923,25.416784361441923,114140.5886520963,1
198,1222.3398656614397,4.058106617535153,364361.84609884623,206366.0863327268,128266.30194084959,1
199,106.65389218094099,17.92827495909516,26.730796778816707,568.6502801076341,114140.58865209586,1
200,1.6106693423085048,2047.2553180368802,212.27850838276692,141.52355738774497,114496.69812178548,1
201,15464.894239209718,4677.698734725294,274612.17510344414,101.31507681146154,9166666.666666668,0
202,44234.71756992421,9669.865256600235,108.88106702103548,3490.2189733635064,9166666.666666668,0
203,31.16480654974641,33571.73355898125,4.372400229853178,16.242656236947244,9166666.666666668,0
204,8.859251346284832,121.92685402571841,17662.82985675771,1006.5370073140401,114140.5886520963,1
205,334.3929830108989,1.0065282395491244,265.67560154866453,2.3024544990397438,114182.44407284635,1
206,11.965692500842717,67012.5458611186,16.886821219668242,77918.47717332529,9166666.666666668,0
207,14316.912229090285,6.6643139167714125,2830.9635375988737,4.56198169814207,178007.0256203325,1
208,5856.195062658405,1993.2552740336314,42385.12891816074,539.5083460755895,152824.14029902403,1
209,54376.94847058618,1.8006721685983382,46.68347181185072,11886.754808358972,9166666.666666668,0
210,145.93902358835976,7.856190269080314,4.083107576782974,45497.871479031935,117718.39789429725,1
211,281.2103073855601,36879.14146244435,15100.550531925719,216.28049550191918,9166666.666666668,0
212,85.7683579535045,466.64985899437465,116607.37135328863,15912.137048292274,87645.28788014516,1
213,1.063340152127673,3917.6387515161,173878.1980092142,11190.927001005897,121518.37172051817,1
214,8.245140845614518,318.2247492666251,6.30458896172711,111.14842754260219,114163.29776954581,1
215,70892.99585243574,60132.95303560527,40.91464022765676,86.20791336171263,9166666.666666668,0
216,1278.6644188252455,96737.99919263652,6.955292031945981,29.11791312682263,9166666.666666668,0
217,33236.08477336953,351.6244622086818,132786.0033954613,11.409350794458303,9166666.666666668,0
218,571.664494658575,48.842894578972036,63.67464816204207,352.158692825035,111605.86985255367,1
219,174.44093217615406,70.73918637409395,163829.07337535513,14797.493696092828,85178.01821835758,1
220,5832.431171433278,31.66784220876291,1960.4179953808061,27575.29824908871,151730.501398822,1
221,13123.460016207451,60.71851010159354,24727.52882785932,15625.61948916385,194987.1451852656,1
222,5.4007053438162345,30353.779201031237,327.39935601158567,591.6141571850648,9166666.666666668,0
223,209.3147280350736,869.4061835556714,3467.567376365016,690.4152920941414,111607.0680261179,1
224,30660.31427905108,1775.0573311574497,193.96610370614883,236.98116147418398,9166666.666666668,0
225,15738.91059154718,63.426868690816654,16.0352058106506,2.179831916969045,192881.61364921424,1
226,34229.05507663788,56817.256193989204,4.836835474508252,80.56674538603393,9166666.666666668,0
227,8.086150796194392,3.9801647713997705,134373.48358985863,2.1093167131576216,113726.92993019991,1
228,118873.01345841403,3.156737409530864,83347.6442507714,1692.3933532551866,9166666.666666668,0
229,80.23696496540255,59.15553456419839,20710.73609187915,62.05028383118945,114147.69598138734,1
230,2525.4728192195084,476.13161446340655,580.5032625257368,136677.23348805288,117600.44896891517,1
231,742.8368501714659,19050.70780563498,13646.516567260205,1.6585806286324205,349347.6940901984,1
232,10038.947546775664,13.259898687469699,140288.7180986722,1.7564009961331188,88570.17663405673,1
233,52.9677159975861,3.2826670538046154,513.2962750775208,47128.461757957106,117736.0070239355,1
234,34.949823423944366,6.043002899921892,76.23983186406744,43478.89678294895,117678.0131514627,1
235,5.32893198071853,15.026186861648124,2.468228032230378,10515.268642531988,114140.5886520963,1
236,111.11260693059694,40.638352083467026,12457.481270081102,82.17239326017626,114140.5886520963,1
237,5848.042577141009,16578.54698590718,17.396184935704106,354620.2592671598,9166666.666666668,0
238,6.924358662468035,32.01983389971389,10.583954627030861,93.11644173612109,114140.5886520963,1
239,305.37885701096377,504.4637352252168,73227.67250232377,117202.52083844531,87193.47638269172,1
240,13.78090281034054,1675.5459998957244,4.319293205453064,412.7199536305654,115237.85646085071,1
241,46.60449525793925,43.47471483737626,562.6432565447346,14429.982460618934,114140.5886520963,1
242,2.2808449088362113,35537.05450597781,15405.707943698993,10.135956150473696,9166666.666666668,0
243,72641.12681461888,417.5594117813926,498745.6223460988,13.309931706605264,9166666.666666668,0
244,587.1291596342143,31.794379672290017,54.13473057600388,2335.9517928377286,111605.94704440635,1
245,59006.792160125005,14727.166746656841,13357.35027994421,1537.1442024440846,9166666.666666668,0
246,59415.70068227299,353.5961872538619,95486.80744383324,56602.59895297539,9166666.666666668,0
247,12.788843400418497,9815.973508027713,1.1731756986006172,69.15058380511722,184963.2559678347,1
248,15.426309621290672,420.3092316826982,15823.555185732233,3.6029205737058825,88835.71682246772,1
249,462.68381573989126,71995.65097334063,20.093233708788755,7227.815681912161,9166666.666666668,0
250,1171.6621143587727,1.1274326485929305,514.8956436937674,10946.145028559327,116173.14083339999,1
251,1.688965775560945,35684.8158903115,920.2978198889178,1.4953277560977942,9166666.666666668,0
252,14.507258012641232,86359.96074459713,2082.6806957455715,4.097160149944562,9166666.666666668,0
253,30.78623533318661,231.17435032579112,1.316418013248381,221.70958314403063,82490.85728694095,1
254,341.57223743870577,18.251515024419174,2262.7470431220986,19619.721920033055,114191.1810505575,1
255,16.622619584280766,1628.4113100332838,4417.616147526966,254508.7535641383,89444.97742783962,1
256,10676.489239263017,24610.052242058915,623.5745007880745,11.384030156760742,9166666.666666668,0
257,142702.25420296792,4.672585145824934,486.2069039050412,2.4437711311903754,9166666.666666668,0
258,76817.14686155073,98750.55655389211,12582.78238838715,98.7640106390285,9166666.666666668,0
259,20.73511855765701,23.617516048275032,5.314284891161255,992.1319865234694,114140.5886520963,1
260,5.420747287229484,43.59401151968236,3728.905763129841,14003.90667602561,114140.5886520963,1
261,1.3354810632555039,168.39127571128205,5205.212991979498,72882.49381597794,92473.1868804897,1
262,288.6186895120581,103919.73744726274,32.646146155576574,1.1939488288166602,9166666.666666668,0
263,319.11629017615206,21.167441867089146,49470.04494133047,21.21116276647594,117369.49859481286,1
264,40.53640045032031,12458.489474532984,11900.903730736605,1514.667331444289,175852.59625569519,1
265,4455.285110524062,146.8596910498628,1.072165434908894,1.160680095490813,85014.29749366992,1
266,442.7215131008504,2.69849558641479,1.954688822040051,318017.02106518217,59117.063426531575,1
267,27943.194561112196,6.1221899753574265,1.0087542136591003,232560.80388476333,9166666.666666668,0
268,27.582723366619625,9.16690978296603,8727.381572185055,4.174833320339235,114140.5886520963,1
269,23.43421828309303,111475.40298312836,4408.381494253337,927.5281852025595,9166666.666666668,0
270,114.72632021932786,10206.753413378145,6.357881521155116,325708.5190439304,167485.8980656323,1
271,28658.35611556597,1574.1601303337227,1.755986173994465,9866.32287374634,9166666.666666668,0
272,53363.35102571451,519.1092572225244,104.40387893557559,4.846821003724985,9166666.666666668,0
273,8080.47715137589,38102.53477583132,3.726762204430912,21155.836953701353,9166666.666666668,0
274,1.225481145357602,101289.518932369,3200.3480386788196,1407.1280693433669,9166666.666666668,0
275,34.03010951680112,64580.06805219902,32.76334192059107,52430.34409028535,9166666.666666668,0
276,125606.58968305466,11348.344972597824,907.2103344706754,2.379881032658604,9166666.666666668,0
277,278.77696442209304,185.54650417379415,14.312930278007592,259.42584252289026,114140.5886520963,1
278,71.0865531517049,7.034685292830305,327.6257314419284,31.454955001576746,114140.5886520963,1
279,503.7820999510787,1.5205183922846264,146078.29067547675,44919.58029290642,85475.9890968887,1
280,724.7886856149622,25647.141010334017,305253.50404476165,4.2644520804508375,9166666.666666668,0
281,1841.8022935252247,146456.28876896997,426531.1401929731,2743.592683259013,9166666.666666668,0
282,4.598833735268901,1043.9010029275726,1.0274632478672088,13.601591573839395,82494.16848773774,1
283,88916.16616553614,51.332280586106236,4346.764023232784,39.86665844257315,9166666.666666668,0
284,80540.1779857598,5903.186087471356,75.62616170075148,32525.545564555858,9166666.666666668,0
285,3.629732547729195,107.31949896260187,18.22701178412756,7880.186829497524,114140.5886520963,1
286,3.3905589808906815,113.51204296900099,37.7240675782388,768.4809552413428,114140.5886520963,1
287,64.72951092151656,4533.625228348059,1.3805868241743307,4102.725376756035,118052.57587861089,1
288,15.611981830624202,24.595885066738276,36360.7372695815,279097.2866725775,119136.87031857361,1
289,43.500352394848015,19037.921550790434,3.914178853554691,4102.441754784485,9166666.666666668,0
290,7716.346493438142,6.417353896564896,267.77796026661787,122323.90919980842,120393.27684745187,1
291,3.436620522771552,1.2407046259943342,2321.2844396717837,303.4458381771197,114140.5886520963,1
292,13617.219556727636,60240.71798767527,50.68362242801592,163.49460008239723,9166666.666666668,0
293,328.8430711742638,1107.4538400021286,404532.54246524756,9420.288048014992,93698.15002051793,1
294,103.83377027995316,23.189191991142497,241765.11455221538,5.922246151909784,91908.2941908991,1
295,5347.635323656443,61649.43511760629,6136.337537840122,257.61702742144394,9166666.666666668,0
296,10.715076222606083,79.8152362407671,10676.803227648372,5031.251884313033,114140.5886520963,1
297,63575.43267620034,30686.771395065272,44793.877314722165,156434.01755726637,9166666.666666668,0
298,26.93681979115134,81.7876191755235,146.21905154348252,1563.1155876680757,114140.5886520963,1
299,2875.7990577386904,30.483983431617315,1.2909696055559803,188.4327514030067,119086.34359147515,1
300,39.53382856215091,75306.78178235616,115397.34633914747,79962.2029338808,9166666.666666668,0
301,2398.7575506779617,60.5441429767292,1342.3801199051352,44253.03424702592,145203.7524176425,1
302,3.2390396741208956,14009.95323236781,1.7166525207148404,44953.029761327954,132285.53958091838,1
303,15136.44711445811,1.8366165157097807,3751.1988148406394,730.2389586742098,179379.52102085616,1
304,7.568350663662023,5.861691020767488,25514.118309900274,1718.9527824203321,114195.7295890579,1
305,122487.91155738579,121395.93215483653,454129.1922606856,4.742270048236502,9166666.666666668,0
306,71862.01478551277,18.446527153605686,408.6372227652842,20722.265929396533,9166666.666666668,0
307,11.322974432907905,853.6513891853608,11.454181866423635,3.952646089095862,83514.51189309846,1
308,4.011603623921049,70.98593093067582,1.062986564913196,263.77264431394457,82535.82995930887,1
309,2741.2259213304133,119.99819217599328,3.0827680898520833,2.2764700674031357,145818.54810158015,1
310,27.514172180821966,7.522772660626761,316262.21167564264,7.275393971552399,89870.55478765118,1
311,14762.063928550955,1080.8071127769058,1755.2908173035626,828.5765536612167,192161.65188888132,1
312,107135.73764708603,76.43526225375082,30924.894778994814,1460.8460884881113,9166666.666666668,0
313,111.64414928429537,88222.39950637751,2569.1222035504966,4.76106473269753,9166666.666666668,0
314,144.9509308260781,11105.505943801023,8987.594629060855,166800.0027654239,158661.60845805838,1
315,22.007008482701668,8403.880492555976,417.6524300986524,1857.7391869640119,161018.35565458803,1
316,87782.66824645175,117185.90032616524,81316.94596903332,111.29701883415379,9166666.666666668,0
317,39338.74823304537,2020.6885581486465,282.1881379813253,1.5984405022786505,9166666.666666668,0
318,9688.431030593241,397.14061820188317,30231.846666328678,18321.43541609367,186458.2035902073,1
319,12810.825548595349,35.99132494245797,36620.74672065985,1342.328351009203,198487.24103814876,1
320,281.8250604496335,3122.5783286529727,1.3234955743488057,3.829133118267908,83428.35223955258,1
321,32.533943336727255,122474.7371008401,6.25758852172749,76.56995671215634,9166666.666666668,0
322,1.8376183624167512,51.841547342948154,66.91598858818841,248785.8450806874,122672.35371046684,1
323,23691.61585751071,95.76846566208486,1.384070202290018,54452.94731753126,9166666.666666668,0
324,2624.1915505753723,6.1468479724125675,474876.08152844344,3.7258670447802826,134021.8370141184,1
325,30779.67283854036,33.354045739700275,302.73758759469405,34141.522641708274,9166666.666666668,0
326,3212.514372941475,71527.26031737991,3466.2516018250335,3.6092517555502326,9166666.666666668,0
327,37803.32030350107,9576.77291989355,11400.616755272267,2.024071615462057,9166666.666666668,0
328,112.43074418271631,7.35636181743714,48306.51648611077,9824.073626260495,117334.97518734787,1
329,37229.75965574743,100711.94008555262,26017.37125789742,463558.4676639693,9166666.666666668,0
330,1520.9153182113955,1.5566329465018551,1.205643634046384,89.0511891377047,82431.96185201754,1
331,18296.362960171024,30422.31666439841,298979.75491735776,2.3503107982080045,9166666.666666668,0
332,1.7009993121383313,53362.87751016697,54.75855559123897,1513.3990564747871,9166666.666666668,0
333,121681.4486323359,118.23829548806947,6234.205668755259,192.57531126214397,9166666.666666668,0
334,9467.72615709958,538.8893221271605,22.57549277011176,35.169430276448914,155676.03288971967,1
335,21.663969438268435,569.2966105218779,10173.095223420403,256990.85902075394,87220.06638650934,1
336,3914.3494580115557,11054.152489262313,9.177087388136666,135.44771399181707,188936.760038655,1
337,138.60030283152634,3570.809725014948,48.56009166798482,53.51204679540349,153340.44632281506,1
338,69.52079703575639,15638.587395050701,1957.3504857363137,2.6853627467010797,172508.4490904855,1
339,2.5410250863826684,83.52473509259707,23376.49543455027,8409.810115126736,114174.35345618776,1
340,4619.354342392408,9357.273355218413,43.298684059102214,1331.9750978113057,154562.13617807865,1
341,649.2961864737426,6736.0503429190885,283907.37311697466,38.39338084358684,160545.7957470888,1
342,12767.278509565002,2606.5603667721266,2026.5541908207174,26062.532835078593,170763.79609104403,1
343,76983.59672194016,1.5485246653495004,6.918767916612855,20420.11798158936,9166666.666666668,0
344,2.7146365326466673,469.35708286033423,17.905232767929284,36.57657099506536,113605.27544906603,1
345,4293.291622683265,1.4331133769317048,94846.4813306367,341.2496653166302,119683.26817179222,1
346,398.504781968887,624.2198059682388,4774.60634979161,92.32670636793135,113606.46015902507,1
347,3.336887753985121,44.458871125707006,9.083158383666282,1477.019768963395,114140.5886520963,1
348,44.27363872134002,91000.36737445607,318926.555485838,3420.4149207323107,9166666.666666668,0
349,1571.1664965083055,126011.26602711296,113920.02307002223,22914.516155848905,9166666.666666668,0
350,41.992683083125094,77.99439045148131,14.028565393535859,597.3688369935768,114140.5886520963,1
351,133732.77322455385,52647.357143511595,4.725740549480465,1.3917419022242714,9166666.666666668,0
352,44815.740886752435,603.1725986877045,13.831719340118983,6904.4609340400675,9166666.666666668,0
353,2160.518354444503,4.284757448349195,30.16156997969983,2.199796549731722,144546.42583125693,1
354,12.197110670891036,4.839786982759876,12.625478148004293,8062.258216023987,114140.5886520963,1
355,1.803911360347495,3.3667338357699226,5.816363478208703,63.67344585472203,114140.5886520963,1
356,35.18510672131589,20.904194120320444,18935.896670455808,487193.9999321907,127068.53565561937,1
357,580.6553916608536,77139.96455404736,182.08288772672753,4.054899215721491,9166666.666666668,0
358,130.57217717556355,34.10235566854147,648.5022362545058,5552.290827686792,114140.5886520963,1
359,243.4658255027503,69258.98974687012,110216.89782678548,10012.655146798425,9166666.666666668,0
360,342.4946521104651,4.804247671579202,183.0496818018213,10336.255691025224,114192.30360674195,1
361,29.825892812513853,3.4534389204166884,149309.03078992545,10986.498397125384,113871.39431300953,1
362,1530.1250805602033,12648.722308631483,57852.44290878694,569.1389769830206,173722.133208391,1
363,36400.78970951004,55394.72757776002,35.28267850838469,2899.8983958026,9166666.666666668,0
364,531.6759169372408,608.7744896982201,220655.03747196056,54.860689589436674,89900.7679090333,1
365,123124.36922750824,46721.14692936087,411.3845549763494,45566.075907718696,9166666.666666668,0
366,9564.393268108892,3227.351192177448,66.48501054356585,13.169470376081682,164337.64507462137,1
367,2991.497480751129,23083.768546032763,1.2377249774795982,4605.928103847484,9166666.666666668,0
368,196.04293311101156,44522.97533153333,67.93046542160143,503.92397556947634,9166666.666666668,0
369,461.8293266827961,5.332462119297183,11554.518423762443,54057.97587933949,116195.95544687459,1
370,1.9940851621977225,32.229615690485495,1.647462352231558,282693.7197624179,58431.02234775876,1
371,2840.0546766977172,97901.50387983455,1068.9809102353279,37236.123247646756,9166666.666666668,0
372,86.69637706602697,67.82653041001807,143.132067074762,5612.244294388481,114140.5886520963,1
373,72.53745481517632,45749.2623696723,401470.79863695503,1.490732769324261,9166666.666666668,0
374,10.051058969580264,3.810800429214747,1.743538066142633,19.855877730540975,82490.87226833818,1
375,205.42013020830038,21495.052673211805,18.372510155800942,653.0992662005527,9166666.666666668,0
376,64832.30037842915,2841.6082940392876,35336.8957027847,1380.6961335076735,9166666.666666668,0
377,118845.80793461927,1114.2150835812338,1.8170387693214256,13.436867611167346,9166666.666666668,0
378,124.49308890908782,1294.9873236656122,25073.263153649783,226.02966467332777,117209.58831530692,1
379,4735.07198776943,12258.480226022559,64.27711084811119,380918.20058387634,250991.4953302445,1
380,2305.0550743160984,36318.37107939112,1473.2356270767639,16841.232161670774,9166666.666666668,0
381,9736.57877803245,50254.678249638964,7.191819096154217,1519.2893316354823,9166666.666666668,0
382,164.94010900970125,60028.2026784913,3.9712891581913246,397794.8155136079,9166666.666666668,0
383,33995.07051596889,2.410635626686187,628.0622697169813,12284.290214607261,9166666.666666668,0
384,6618.198114026048,49214.867253704615,36175.04873633833,59.153835737184316,9166666.666666668,0
385,380.14032205273287,4290.492560485972,6.151023785820695,12.75110249398123,154742.1611706105,1
386,308.9723463262972,34.974174431880286,82356.76735655409,2193.6981528905,87619.10561445016,1
387,63.78563483337655,24753.53362371673,38634.75259007473,489321.72521794296,9166666.666666668,0
388,24307.590945461565,139.72201721369495,5.328589967790945,61771.38234331403,9166666.666666668,0
389,2.0385080782017053,65.01831865421049,174405.09346540002,298799.11947746715,122450.36586224826,1
390,2068.3345824012117,3668.652140071922,1.7456085394289722,855.0825263349326,121725.76294431323,1
391,677.0793992144191,57.596023364197045,2.4599784559947926,20.162182644376404,111606.39518788927,1
392,71.27833172804606,178.78646308303027,2331.705427309056,13088.43126024798,114140.5886520963,1
393,44.06477560333993,50.43066341648365,1.2948578118427572,1.709797200280494,55045.95459366747,1
394,21.602729036288277,6785.403243098341,3808.3922491663916,24378.362943706055,157989.8034051438,1
395,9549.863689665772,27143.84596940309,12737.315033661183,379624.1751620608,9166666.666666668,0
396,44916.0297739041,1088.6833866639706,2248.500155555804,1.5677861918153995,9166666.666666668,0
397,147388.87053952846,4.79787987030507,16565.95458411076,47746.43716558067,9166666.666666668,0
398,85.30299671138775,10.445378926464333,3.6545140210229072,18462.188137099794,114140.5886520963,1
399,220.28046059749116,4946.161057421893,164770.98296097227,6.845045124108972,157736.6320601586,1
400,57241.76052359152,135.0877969234216,54.91709206881721,236855.53354243294,9166666.666666668,0
401,134184.87528370105,10.70247617905748,5537.350791659023,4.044954108861968,9166666.666666668,0
402,2339.8622227695964,19153.527377532544,7960.432876215481,238.98412797487305,9166666.666666668,0
403,96.11395211033555,108.35214098272056,2294.827057974542,105687.93901375453,86407.06058930416,1
404,64406.72490029364,1.8926669533615834,10.840781201946479,4.360768276653586,9166666.666666668,0
405,10.01654033378534,62.24058397884807,770.3868579033292,3866.1673744871377,114140.5886520963,1
406,6160.769223937678,40485.41253294296,433296.6540661094,5992.377828460155,9166666.666666668,0
407,23751.109166147427,10646.33370349749,56.57386722722938,97846.20388333367,9166666.666666668,0
408,1.6647380441142503,1.0043877443891474,36.3073075557996,430.01139123128155,114140.5886520963,1
409,2014.765942325464,3.3633509562599397,6846.436198338894,37112.872991919125,119789.62018553415,1
410,9.103252377448246,140.84006049743581,919.1340611896562,375.69433267817084,114140.5886520963,1
411,13803.611066034819,93702.58866219263,35744.57325876668,2.782779078784923,9166666.666666668,0
412,14669.65766516448,2.211610754674576,22.12015406173189,7.455806406340396,178018.93962385802,1
413,10.528752636292063,542.7593468741027,6728.842309739812,479.01253728464945,113605.60438814522,1
414,92783.81138093038,17.529719923631134,22341.549035495213,91021.11130104646,9166666.666666668,0
415,811.5316888101693,229.85253855845798,2498.257956569448,277.82672384100056,113607.06480127283,1
416,747.7117429508329,143.90907616784816,191.54237435030092,9178.224250344756,113606.74686759138,1
417,3.0241710550114393,7.278417554055454,70950.352590258,24794.00420495433,94298.63680571114,1
418,28.63058208339927,89.69710466834577,189407.54913312497,45940.69568695077,90333.09694605603,1
419,1513.2563791355058,14.010491741776807,1.78727202281001,286.89668707840235,82656.92061450258,1
420,3030.9547737710886,19421.851325412037,72351.75445147326,1.5374070856785476,300264927.21326035,1
421,18.356043942474724,56.90946926413683,11.900883644845145,37681.88289059514,115839.11750460861,1
422,9385.83311425158,473.3419359631168,399639.59903614654,6.621940963065186,168752.88113577216,1
423,45360.65507537839,4.007046957744789,8.510746306242398,9283.940291261226,9166666.666666668,0
424,3.6909887818755256,848.9182153118987,248.25518004861578,14175.92081256142,111606.9762194195,1
425,45917.39386742417,9658.845464325514,69559.60685024416,1.5408314098311897,9166666.666666668,0
426,40.3273985246548,465.50965675706306,234.69587864569414,20.792898826083988,113605.2582075161,1
427,39.226939653705095,78277.50631303,47.481891385188334,103.96541903157207,9166666.666666668,0
428,1.0452065616044945,23670.03607216176,7.628383605824309,14.568408234334921,9166666.666666668,0
429,20.954265179162704,37921.41166151975,15.01621231074089,35081.55281134299,9166666.666666668,0
430,15224.29278028988,62855.467814196796,4.5559658476620495,17.308775535604198,9166666.666666668,0
431,7003.406840145293,10.339934579601149,42.833493705649545,8.91774939112125,149865.37831878144,1
432,7.832381044245696,310.8594753248205,4.217746570501226,68.13104936948169,114154.11971749621,1
433,161.46894460362364,1.339871937768304,163.342450779208,3.438752665114882,114140.5886520963,1
434,358.76289572030566,18797.332347302763,46149.11246739544,2.8739133973318056,9166666.666666668,0
435,1294.224870515265,20887.923903621908,22.709019542254385,21988.53697856349,9166666.666666668,0
436,40801.6332229413,14878.946218923722,4.087947974053052,1.1262444543490056,9166666.666666668,0
437,9.82610701140129,25.119755055309245,3247.9428634949563,154.86786070108676,114140.5886520963,1
438,4374.203492119106,67.22769435911027,7.586926259814544,60.53548673288179,149996.13281423162,1
439,37787.04217899862,91506.2775158713,15.226807136223412,31149.973893662907,9166666.666666668,0
440,25.994292761160604,39072.736412667415,8.778887460117089,6241.45150872002,9166666.666666668,0
441,2.728256453665388,109890.64474774979,9837.58312696754,62731.06316966107,9166666.666666668,0
442,857.2987968936645,293.74289592494836,3500.1696505413597,1031.0554334333215,113607.29280060699,1
443,268.8909947536973,8530.683085942721,10.36482316451079,9.451578985366796,157018.81128990347,1
444,171.89251635335623,45.73203051445397,2.6450470653354334,64954.91306327072,89137.32254854341,1
445,9860.21859734218,653.7132997453806,381189.7045480878,2.592660204183332,156611.82836240402,1
446,9297.159199317592,23.919795131306913,126.07651291608417,17.76914939963533,184252.8491182223,1
447,12137.580772917912,5.579559731936397,61267.4723613424,5892.6571411060595,163881.22378194222,1
448,2.0207365830245343,15765.779643661232,3780.602319615221,143703.41658946872,182979.34189558213,1
449,7506.802425726035,802.4410319241763,58540.6162059566,38.423769449006116,129311.22094160988,1
450,677.740493033006,33.09691042004051,329433.5170886567,19.457450469480467,96448.43952042329,1
451,1.2063201016323264,48.602028908813665,730.7788678308156,1.450906784245746,81814.99466320245,1
452,784.7299666964165,33524.895235667835,10381.201888514546,3550.4040991350125,9166666.666666668,0
453,88745.27955981797,91230.75807884152,49827.5904778088,2907.385088157845,9166666.666666668,0
454,334.744825885534,1.1719940784051692,2851.4674497028077,433294.5965062942,126538.24513663679,1
455,17161.912921345953,57.942965704482965,7.353793577640305,29398.591623658944,244122.5309583464,1
456,7090.715338014106,101279.70951662162,96761.0069469573,1467.9275925279917,9166666.666666668,0
457,3.3439248243926225,318.1585008530675,61.339284159581695,832.1479909937464,114163.21522009715,1
458,36.44474227039846,28898.443751576033,64832.73255601143,62.78074544424319,9166666.666666668,0
459,1269.0763944536147,168.52152364562883,151667.43899020902,11.68864469029228,117476.83271832476,1
460,4087.9528841067086,105378.31560686027,9.974472297499359,14.15795792909715,9166666.666666668,0
461,3897.40294965288,10788.76710558639,624.6321718504059,2982.5303857860904,184355.09223203952,1
462,12.61431167057555,293.08847583791965,4.352054120399184,67.88501384039037,114140.5886520963,1
463,29.78830157513645,200.1803480343307,199876.73135048157,10.790435406934897,90272.58250989138,1
464,119.56999052826825,1535.9864515291358,247970.74163773013,5.738621084993193,91345.51212889732,1
465,56365.4701842026,2.627494447046103,549.2003461082708,389.66734962840377,9166666.666666668,0
466,12.159699790371878,62.87571706686533,387.5022614064666,85273.51685228305,92559.0544492639,1
467,87800.94186042872,485.2959526082419,90922.75899837079,2923.826676830135,9166666.666666668,0
468,64.10736692352059,10.11968374995719,226.17399652315427,954.0253305715469,114140.5886520963,1
469,1.698411936841191,5.687051798326156,2632.891905578878,19.15478752810586,114140.5886520963,1
470,21581.306675435124,49.236017941685624,3.9577376517898886,2.992528661408486,9166666.666666668,0
471,70898.0475259994,4.082102461728313,6.353902104114282,82472.27749980283,9166666.666666668,0
472,20.711834559293873,2799.144226524227,45133.10288647202,2886.052687815072,114346.80032305421,1
473,90374.95215533797,4669.201093472527,4.391040804554847,1521.815458794726,9166666.666666668,0
474,5216.737691821953,14158.063701865523,1.4125521817336077,12498.83039541611,246368.2095490387,1
475,18784.48446405349,7339.727913442191,831.5003049630197,407.6127217089475,9166666.666666668,0
476,697.976380855967,4439.152760337513,181828.04065873072,3284.4689233692056,121907.48679189169,1
477,39401.37631246984,4263.531131004226,2.451585055137486,714.8333930649188,9166666.666666668,0
478,30.400412976586438,29.928948076825613,106.76291870344215,62.180273364859296,114140.5886520963,1
479,988.4121162790649,3454.488495246423,34.009065270323156,5.4892535788821535,115979.72849906614,1
480,2.0155765937305365,955.3208767421903,11.5013874753081,1.1290262558189812,82070.8663952332,1
481,63406.62021418726,602.9590640173911,3.3640264837656177,63647.61494151761,9166666.666666668,0
482,122785.50465532608,209.89300508195203,1.746413190279059,4.676175374471324,9166666.666666668,0
483,94.50931642978827,38330.63229856678,6.976988267742791,49647.207931894976,9166666.666666668,0
484,1.1954144180529764,233.06960802575887,4703.270717027284,2.2085175612333785,81800.0237989853,1
485,1520.7859789776442,77325.35422245064,8.190614346760468,14389.091913153708,9166666.666666668,0
486,1421.4304054600577,9.081954512597006,1.0848084872838932,1.1295665028203061,82410.11362153768,1
487,567.7522553895429,75842.43378087452,4697.194587305417,11769.916942183605,9166666.666666668,0
488,359.99198369289667,1027.803919950629,5.250065677322768,99305.75436985062,83104.1476272709,1
489,8668.262912347041,146814.4743828125,49.74095826234258,19.668329345125223,9166666.666666668,0
490,4.444758444778728,97912.39935064137,28199.489353219604,8.869088419414686,9166666.666666668,0
491,725.6974751779862,138.5804620638148,7.299854679403488,8.387819577605045,113606.63719921489,1
492,97052.92262883908,37.88981124231737,231864.51273937454,2.697136695548923,9166666.666666668,0
493,242.74964270662957,4.687270574225718,1.064837077688046,1431.8457786530919,81293.86117632237,1
494,3.886210137858315,5460.908042226131,9517.96897195501,10.113837008999159,156895.0468454647,1
495,74910.60007828078,5397.423353092514,49.90264872092414,11012.90636700793,9166666.666666668,0
496,6145.226752656487,59.07377462988957,138.18724275018562,111.31077729292157,152200.423383585,1
497,1554.7957178367515,45772.54803102491,9.705614963989436,97215.68133417546,9166666.666666668,0
498,1.3903856014816671,2618.0192446662536,230.07779519636878,32321.375232209786,114990.07200837352,1
499,5407.38445729139,305.54967348931444,4670.483392681577,723.7524065996039,150890.42911216468,1
500,15866.95764158883,291.2421030023699,958.1870445458478,26.773756387773737,187410.45372723922,1
501,1354.434073126163,36.971147686475625,1949.5046834398277,9.268095305058086,117260.43745253584,1
502,6.6900070426744,144.07346399482495,270.6646968577767,33.72458845422077,114140.5886520963,1
503,4.799072455758061,1.595722355112529,1.3925007150869875,35.28230560801974,82535.6345271551,1
504,245.80774628162004,5742.506564354332,508.486676928719,141957.55227714853,160168.66600643593,1
505,1.5216014820820403,8.612234845503,84.95402116345713,1954.9400927520296,114140.5886520963,1
506,25932.2484108548,64.96467384651874,33.67126735193927,2.2527060054588524,9166666.666666668,0
507,17829.606235509265,92.29712177274217,1808.2039751226796,402951.54543909937,217449.59702508012,1
508,1.019186454333499,5.660609578277737,27550.54440086164,38761.21553375536,113999.19132178833,1
509,9587.233146889688,601.9428581327767,378858.09691948816,181.0689251613656,168953.73958138147,1
510,1305.3155575986068,2.128157424539583,216.653302298596,13107.091367800907,117426.58902996957,1
511,17.208143813083645,76795.84685162443,8202.718574416616,43.539504362915714,9166666.666666668,0
512,9558.915049746689,2.694439573655039,359095.69189146924,1.9093045746414394,128199.45478470832,1
513,67866.0978419356,20.360795709571956,20836.120399339707,1.0009675785443137,9166666.666666668,0
514,20.69997892545308,7540.724987600455,1080.8546623757206,4.5196921293648975,159391.18040181542,1
515,109.00928390802679,87.87750827252451,1729.575748720271,6408.867598435831,114140.5886520963,1
516,22501.634606363074,374.72708750775314,171.44309883124095,6.61481875579547,9166666.666666668,0
517,14649.982778719675,4925.726793516095,213.324251040626,900.5963523858688,179159.4917675245,1
518,2773.6209347716713,7.1293309094398545,1.428892032178429,64.48282533043373,114467.47961153538,1
519,1210.0474872699688,330.1547391691783,8848.05971215496,46923.199243017,116884.53765690986,1
520,337.4603732981498,4.954255131063059,70421.20557590364,1891.7015858353802,87352.45340038152,1
521,6760.579536608705,4440.261565086557,329465.4230181331,48.188962049012844,131221.9664638779,1
522,4474.373369852373,78.12212923003113,179.2395471144852,20.613508537211917,150206.95918060993,1
523,60.34316194646769,80997.29722009419,46.48924368725378,25.228596144401056,9166666.666666668,0
524,1043.2187717955305,21.657965631813486,498.6674840110453,56747.334174056574,117039.78661272113,1
525,15.58020088405572,161.6566925156037,3014.1349154515115,1286.835029888895,114140.5886520963,1
526,110982.99209335384,3323.9809542369317,16479.022178996813,324080.5319082005,9166666.666666668,0
527,139.6911973257497,69.10004884766072,1.778159324683364,11.214368364882695,80490.86653490659,1
528,16.893326709320064,8.90914173193443,20021.230568480383,1132.350916997958,114140.80095683635,1
529,2855.837447136892,17651.719563598836,20.66206717561901,72.01629203860755,263204.9614671863,1
530,4640.207337334205,107.8837780333054,1.468298008131094,301.1596241487177,123648.43304487407,1
531,50269.478915325635,130.9581920955241,78.24860590183562,435786.493881811,9166666.666666668,0
532,2165.477966783497,78.42222963739405,3.8142244794619558,30897.998992763845,144793.9469877913,1
533,4624.454108166242,59145.30968144551,17.30801640659589,4.518043659505287,9166666.666666668,0
534,5595.84240315384,11.292638868497761,10.083481113939584,66.46184780643645,151231.27352006437,1
535,16902.90984132634,620.4270232687815,1.8251551929194916,440.27278015717286,228383.69421671637,1
536,3470.091190532703,611.8488787616574,1829.6862409898506,19.09849969888305,146224.14303623175,1
537,24432.963388765176,805.1021658591162,11608.27355782262,394107.51939570747,9166666.666666668,0
538,164.58692416703323,36348.05633808323,1.100257354076131,1.5501979510797037,9166666.666666668,0
539,1135.906914667818,40.93459462240406,25.99684879612172,38.36588881589526,116172.96290949042,1
540,44.471588931734416,5930.61590987092,1753.1972159639906,31382.847031952446,159155.4151089861,1
541,19823.177064144125,23073.196100346082,230.69839262822222,251.66594365863915,9166666.666666668,0
542,62292.638397629875,2662.8625973405583,2.874617517853452,1230.0058815332836,9166666.666666668,0
543,69.61872490723381,129137.87008349599,1.1962494519732758,3081.7714881834922,9166666.666666668,0
544,5565.948373693251,31.290162162823556,353796.72424537153,79154.10725215885,160475.7577996303,1
545,54891.19259008147,1.2576126416896014,1768.8226738138255,47.77524145743475,9166666.666666668,0
546,24811.31005729208,1886.6336552357686,1177.7249717223017,4.498156297860353,9166666.666666668,0
547,625.5219266730278,1865.4925909247183,280359.6941520688,2158.679461057517,120011.84172808607,1
548,101707.69188211628,94920.7169060612,5075.422617965366,764.1074366196762,9166666.666666668,0
549,258.327757986846,40614.460384100305,1.4488852415087201,4.452352151008716,9166666.666666668,0
550,3.3754570389742615,8278.779584609882,86.23051837632063,4322.784645494838,160770.0461389128,1
551,1334.2444683831875,99.33007918412952,1070.0116454168624,4749.2513130154775,117422.56034052385,1
552,74206.9834537848,953.9695069083829,3171.48032287494,2.436173808301537,9166666.666666668,0
553,84870.34263864979,541.2529184774428,36849.63453972177,1.9346716172957807,9166666.666666668,0
554,150.8930630009955,21.38594413008009,33.226732762205486,32394.484018664578,113790.43301764166,1
555,1695.0835273985276,188.8695148909485,1.1490205932572384,315569.7771890667,58789.38241995431,1
556,95393.80076986764,13.368112570542294,1.7204091180544667,1050.969871450097,9166666.666666668,0
557,84059.96431569009,51557.515325795466,2147.7123969044546,53.692768147193,9166666.666666668,0
558,51.039645148842204,44430.63142322925,634.837346486739,5.587627626898055,9166666.666666668,0
559,19.314031470481822,27.08417866569348,5.059281583886167,435.3875849146734,114140.5886520963,1
560,55152.232790901064,2895.2060324126487,2.5883721623709954,1.074768184483417,9166666.666666668,0
561,26.90810643849349,75.39312232240269,26709.94936874125,324291.4323264417,90631.89770517455,1
562,101.41053144474623,3584.018650831062,467644.81907255936,17763.620841835113,160067.01166020732,1
563,1963.2480019244108,2.5358442169309443,69.50142939390993,160470.24409962064,119136.11977355735,1
564,10.975459632105453,23254.161529194836,9296.678119853052,122.3690535992927,9166666.666666668,0
565,548.3455356007396,645.0833286711812,11731.974291147104,878.6922862419422,113607.30011558325,1
566,4.8844252716447745,10080.265350872623,206.6972856251016,308065.59002750844,167281.7624526069,1
567,29.342236306796902,22.99957310405818,79.55154967436825,1826.4908752771223,114140.58865209632,1
568,42847.69266326439,8.174286527503744,39.253743326336384,2065.2659182962093,9166666.666666668,0
569,224.73747625695717,206.72075700932493,47570.74371940477,184142.79622611796,88262.28189615038,1
570,309.94795837113054,3612.398225844778,36745.957284891054,899.8178912017923,153633.97330131568,1
571,33.37402537265232,2008.094325019766,2160.3255991002666,137397.70123617168,120846.32686025146,1
572,1.8675128764120517,51395.26593009745,1110.9949832568343,1.2283940810533744,9166666.666666668,0
573,60.84290399623965,5613.278998369012,607.5269069087415,385386.9050955492,166273.77374017087,1
574,153.98141603523575,49.05618341682711,48159.69276988659,1325.878855735864,117349.23885712732,1
575,3402.3942966317736,14804.332455404417,6705.720465097178,255.4392569994082,181237.68079290405,1
576,4.425453717080985,1007.9000414736511,130150.4307856891,243.92447210376196,117289.86916296807,1
577,51760.317002023075,403.9298485082616,3452.688846150359,55869.6999531617,9166666.666666668,0
578,836.3848626141485,2.9570972130589026,389558.04713126976,25.181859540279476,96359.71822102331,1
579,4760.366837073768,411.63591004306926,535.1935812061222,24.55904130619256,149699.77087745428,1
580,5469.130245319326,3.8353265929039844,441127.0613009957,65729.21271080348,162777.15554010356,1
581,584.3419321759911,157.5886172515797,42.90948949888446,722.0291764641423,111605.93315808628,1
582,35640.602592122974,26.512960625719156,712.1114417082663,21.711651350757823,9166666.666666668,0
583,55.60509412573744,9.65618899087472,441624.4954585431,1806.9527857790777,127386.42215809644,1
584,6210.376903793597,3.2251544555430027,122.03739704535285,122215.83020249908,155640.3084218792,1
585,2.735649688291769,7.1871430957381115,3666.3692480559403,3542.0590447146983,114140.5886520963,1
586,21814.219454969596,69533.79261833565,6.444313571976224,30.072089946519103,9166666.666666668,0
587,163.14705760486427,1.0108238684127413,2.4995948340933207,19.532912258584805,114140.5886520963,1
588,309.1915886073988,20.040319746502206,99125.1384979537,70.4727779088019,85510.65632695016,1
589,61084.64522275752,111067.7105306126,366.2244941835318,19.697010418717117,9166666.666666668,0
590,32.33631477353288,10432.153861521214,36.125326872366664,147.54698804474205,161207.76513062158,1
591,300.0214584404375,948.0420985369715,475057.8846557408,21.055057383814372,121130.50667863796,1
592,67.50770456681676,22.948205135106736,114.28116094664347,3.753893247558033,114140.5886520963,1
593,72.8464162576083,39415.80753006542,50.31003117921693,131.7180079300195,9166666.666666668,0
594,77389.93233707554,5890.554197351279,880.8022914983089,26865.69294388151,9166666.666666668,0
595,4.340993181966377,253.65560144027503,4.718719382935393,21.447802455573033,114140.5886520963,1
596,5.423977547282764,74.59611873994477,149.60669860973604,250428.1773798479,122689.23405458576,1
597,23.2883590629639,278.82699404923557,42075.267458649294,44481.57538935266,114606.15498431523,1
598,7653.230818893349,30.892554411246824,661.9549163437038,11.513683724811953,152428.25675311495,1
599,9.444372828938226,180.2826335862978,16188.80956396492,1002.2773186911099,114140.5886520963,1
600,38864.51648318288,19992.16213588486,1.5139741870921604,1735.4139140894385,9166666.666666668,0
601,1422.5721290941353,94885.68546542751,1.3565157439314157,1063.5170577406814,9166666.666666668,0
602,11.480664283553976,1.8956759494147832,2228.8430130440593,25295.76627081235,114191.90650308838,1
603,10251.189898112434,1.4347478250201575,208.5332580376814,1.79332511223048,183186.45966532378,1
604,19.179419324393315,9.96249507217745,16.839107309808117,85.62994587261208,114140.5886520963,1
605,27.286077068852293,95686.0523958622,101.94304607751778,124698.81985649094,9166666.666666668,0
606,8.65143628085383,8978.907207842252,2.2366929543231664,433.7728500356953,119718.13078821728,1
607,1.0678802181486524,15636.477923307815,261090.70379117285,1.5851700318948931,181814.47456150432,1
608,68182.66763526769,10128.342138801027,110.9535936986841,151237.74840748849,9166666.666666668,0
609,34.155030080282586,131.38624115539193,3.5575792413108154,5544.666617141394,114140.5886520963,1
610,1.423038306436844,323.5295520483326,7825.0993788086835,47885.988207496404,117792.23840553683,1
611,5.971869602231204,8002.77401432385,12531.365237183678,1545.1679424017693,160262.21086797773,1
612,1062.1205024968453,2.9677381560479286,2642.813179289571,149.3769590729901,116172.59761741027,1
613,30951.21208456549,41.74729924757454,1931.9596448330371,269.784883398215,9166666.666666668,0
614,34325.09589573174,20.620340884463737,2.8124984234461,18474.236434736114,9166666.666666668,0
615,137.14834450422714,1120.0228098583832,1.4138131275823693,266713.58810605964,87901.60448852154,1
616,34884.52484902782,1695.1072719301699,1.2504103487739435,142.58590208207335,9166666.666666668,0
617,116503.83016354956,3362.235384526271,8.269228498497645,421.62568004520733,9166666.666666668,0
618,100907.34644545834,585.7311320819994,1.3812664299100201,3404.5719586728915,9166666.666666668,0
619,25.342036673353203,3.2481469387421464,197.77124205147325,1524.0751395217603,114140.59178742803,1
620,1.2251924495603341,782.8477353737812,819.0895778221377,33454.92506665616,113808.50336303693,1
621,155.71573663465657,732.3352373492035,16931.24003459258,129660.41664128267,116455.12046241132,1
622,92.70296976184909,1300.4985690623876,9090.059024882557,1.7644050296268752,82046.87158962901,1
623,13957.55887914136,89.86965667893121,6601.940759838003,487.52777774552953,177449.4319425947,1
624,4318.883580333134,5613.1060854123425,12.352573865815,5938.9695534703405,150600.08242247385,1
625,25499.273401827064,16.569802327483185,20934.60894278299,4094.0232798849347,9166666.666666668,0
626,87865.72934672178,22.236172471508233,7.572240991364223,60.08530967213279,9166666.666666668,0
627,21.638052841175142,8268.665741545532,15064.958252972425,6554.116584414191,160763.47989853926,1
628,13.18250798267325,28892.869963528115,282795.57123547036,1070.5466863089723,9166666.666666668,0
629,2297.2725057319726,390.50625730566946,41.30350553069925,42.73134984326625,144629.08642390795,1
630,41.9076422782908,9.724270662050982,138049.78307835828,77980.35675228642,89822.93738129856,1
631,245.1813674799412,79.60252181224514,224791.24139276572,18.505453432253667,91659.92603244388,1
632,733.1345688867269,1.9146413170040515,12.292935008750383,2769.053680663662,113606.67424852215,1
633,2676.2274280692427,1016.9213810313283,90330.07805456036,458549.8498980769,125691.94741004633,1
634,8991.21958686047,255.48035947640093,56567.71898830965,4.853825380494238,155532.9155194697,1
635,3440.895469459652,481.9075061372101,10.346468611843012,350525.4060673468,153299.12700015798,1
636,56.46547296932929,1532.8078370259282,101644.1072193694,771.97728740117,117976.35742744089,1
637,3.944246237155234,17292.915443829137,103.02785630701676,400376.5178142317,244677.72281641094,1
638,37563.07763583576,26153.609464059533,107.22009130943384,20647.139551047956,9166666.666666668,0
639,127446.88982807567,530.015652054377,481.60216564281814,1.2122161726601495,9166666.666666668,0
640,4210.353948938086,27768.872020025923,25.718822481670745,62.418828816352104,9166666.666666668,0
641,390.43608891333986,2.3609863296137923,3.242423828763835,251.1294140952626,113604.96703038314,1
642,22.4953698459613,126.38226443133522,388.6278171536265,366229.06149642984,100779.12011610337,1
643,77192.48127433263,5.287568613762783,107110.23953636909,2.8648069576965636,9166666.666666668,0
644,424.1969265606941,7.053628803517419,121.67696294899136,17229.538663993048,87835.97505718857,1
645,157.4994716074621,15026.350196949683,12488.468301620123,236164.01459763647,212145.5899599756,1
646,581.8892167022077,14190.281573092932,69.22100704021776,93.41039322070253,180325.6301910835,1
647,118.32559846294852,133.94834144100804,3.876475178033406,908.5091058517839,114140.58865209632,1
648,3.1700221523239875,40317.16758284515,2.251394311877246,365.4223190832882,9166666.666666668,0
649,29.757912918505067,6.333127459621934,29313.102688343915,11868.02073923767,117255.00354133915,1
650,5.694290228550323,1884.7454517975427,32866.09644898017,25538.602427174323,115806.51198258351,1
651,3.0036381989310366,3534.080136199332,12039.233773321339,81933.15803057796,116323.16696419062,1
652,426.2691094019282,243.5928993298198,316350.8359506894,34617.79912526156,116649.51008320207,1
653,779.9066037363384,51.440375826425225,65612.40934894948,394.0200505976962,117316.93408818604,1
654,3.0181930378641195,226.26950652777617,93179.7915122086,358.712498263241,87170.70408011245,1
655,1.1865129925624767,1462.5268240108855,473375.0007962498,45443.855113805155,98052.74205427604,1
656,1566.3180050906644,54076.93708901393,43308.944531540896,694.5934990040548,9166666.666666668,0
657,1148.7093378899774,6098.714701971816,66643.42665241334,2.1455842479895617,93878.14536722205,1
658,10243.667483669615,207.16607793582108,5832.720610592428,22783.50800645669,168042.03131180833,1
659,620.1706346831971,6.614352444917224,215.71538914444588,2.742185850249523,111606.1116612184,1
660,3697.288009531601,86391.34434619677,34050.37684469956,166.48730818386454,9166666.666666668,0
661,1057.6600615660118,37.54658645189519,1211.7210230178691,51.74085673408355,116172.57542150322,1
662,6631.874818758118,21.997600604980647,311833.8729528351,5921.421402270797,127710.18432661134,1
663,2.269867027245856,1.1370686543563344,480991.28613092704,18.057377446861707,127780.08443513568,1
664,41.481390903558506,11.988641047979636,194636.44437279704,5197.58654730721,85441.09165266006,1
665,408.08406867833065,769.9304688054374,64.79594408186678,3163.47870892435,113607.16085627496,1
666,148.55585511751198,10.745411886731462,5520.428228284157,135.0536078814517,114140.5886520963,1
667,11576.445265505636,141.2935082612744,788.1762069091657,30743.11320494571,161644.78097437695,1
668,208.0931967277228,100287.95413402107,33070.94362150141,51262.772459802996,9166666.666666668,0
669,86612.26371212104,102.97370549070567,2022.367259038072,8969.299499358278,9166666.666666668,0
670,3061.1356134000644,85602.7689399164,43.98354352351782,45.757323381620004,9166666.666666668,0
671,56451.379752521556,13717.62560389083,14.418606870155857,1772.8829334089874,9166666.666666668,0
672,7246.71439474976,67.19679734677158,298.90378886012536,1901.813957810432,151415.55308216834,1
673,261.695660880061,7903.439495854613,1.081047505784552,299.88705507877717,152458.94932844068,1
674,55.89230316731677,1422.6194078189062,26434.06081978529,2.716120262100008,113423.93234191422,1
675,6.578571594941733,2770.2769039277896,16148.543676687013,2249.8019251653213,113770.21134096508,1
676,122202.4249375901,384.82054293931316,5.980340742594756,8149.89788618077,9166666.666666668,0
677,1307.3679910942103,1137.8249065179689,1290.63516555874,224842.43497516226,124499.60654277673,1
678,4.661495793631223,2.392631946113342,7.556298842890365,24.89957059843818,114140.5886520963,1
679,1172.5848024790234,1479.00274035128,21.16367689625926,613.8771185420105,113614.14694334943,1
680,312.74915317443117,221.48416242335702,37964.74899143928,487.71336452643106,115767.33360946042,1
681,8421.103687753635,7.273133029661874,1075.6375062301083,49721.97824556443,186003.09853852112,1
682,8.315287253141735,254.96441658598894,2958.862286259276,11.298603273010114,114140.58866146443,1
683,8262.05036173395,2.5638451287849846,247510.48256652558,465.9939206576885,162393.6986658534,1
684,54.92926265636633,4.023497434748636,291.9814714106295,5757.094685383106,114140.5886520963,1
685,3.083718879399138,38.48369698485491,58135.19416773655,4814.667301027059,86991.48265724491,1
686,11.700530223932535,6.805872165583595,142768.70942871086,43.223470274006004,113805.99139371184,1
687,8.493941297967837,149935.68763147973,57.81958258951929,5.139141654324897,9166666.666666668,0
688,245.5272113187685,177.09647965243406,191346.05365164086,5.818753641295129,87710.76410964958,1
689,2.962991155708118,3.028768541103944,142399.06674072353,363.86599120146144,113802.29498346588,1
690,6.0193990298523365,1185.0011766637772,1158.5089079229444,13.511827871519701,117158.36372496618,1
691,1322.453597480986,57.685666921521594,22.827999544372748,810.5088694233569,117424.19961421726,1
692,32.32981304794604,14.119408629480807,103160.0673592003,7.721225773606012,85501.74408691547,1
693,28.337356168798202,99.69824024454236,36.26239818549737,15.879383289512631,114140.5886520963,1
694,9806.692832008921,50.46818231376389,4.377316719747758,1209.331335842826,185474.6743820143,1
695,4.462106315028636,70.88496267516203,106048.43582324508,127.01019350044672,85576.28722321673,1
696,1878.9887206431858,461.050756143614,6.093822008023929,5000.669684947667,112673.89696453196,1
697,26972.131295338477,3.0372201476318894,19733.322828722736,8580.120556658963,9166666.666666668,0
698,30613.587554225418,3.45771616314393,55.22666240413353,9052.037823585195,9166666.666666668,0
699,1.3000709917317443,6304.384592618762,77552.21137575238,383.1476774748543,121274.93977781193,1
700,177.06438555135088,27.62999208365056,1.0685391913381383,11.527580221137278,81788.03059471153,1
701,117995.67755687782,30842.66401405641,33.021891206478394,310724.7365322777,9166666.666666668,0
702,80.04128592209263,34.69996662443357,7.42755935235498,137484.7222778845,114927.99416588822,1
703,128458.60627033819,49.51209541678578,10205.373007595072,81.4486846057987,9166666.666666668,0
704,3.494955480669114,107.79812752937846,1391.171466959688,5.024221996668265,114140.5886520963,1
705,17197.07388323063,375.31582960095113,21.66413811935985,2388.4659694856496,262478.4904994023,1
706,12763.87552464121,49.63791481212734,9947.009472315203,274.38264151474164,197985.56636323253,1
707,97727.5088355823,9782.643867293074,107.35767670498541,1.2622491483082707,9166666.666666668,0
708,2531.529444816355,10.573148951379602,4.949778514363048,204251.87277985894,120346.49278889658,1
709,149908.7988003504,24.94417616708311,52.452951053885656,8.714992461212331,9166666.666666668,0
710,233.89350826365126,30317.00650952095,9950.87747985775,66560.74330301087,9166666.666666668,0
711,15.227966080902675,6038.196827410321,171654.70168650785,40.15891712408984,150305.964412232,1
712,3757.385629352078,118.53301371416758,45.08093814298987,335625.58801838785,159137.11125896338,1
713,63.76133687210363,3.616094675051089,163.8921866514627,355.8812864286886,114140.5886520963,1
714,7825.496090906076,82573.92604931963,45329.74150454097,202025.69460862363,9166666.666666668,0
715,287.7097543982624,5287.473470424907,57.71175945732227,2.4921538195700723,156568.87705276744,1
716,77.93352493930799,4097.065554855505,36.73357261848862,81119.7046605824,155705.33825346263,1
717,12391.173463641688,10.101408696049354,76.8119491551207,50509.708474296385,192076.458577661,1
718,18.30814148729093,52.04787077542255,90.18372243977115,36737.91362893604,115829.67785447056,1
719,1.5547910576082709,2.4095068115502505,1979.6026291845942,183.28601337425906,114140.5886520963,1
720,1887.4357241029602,23.945719038731866,152645.63695019804,21706.25946606807,119980.43290807416,1
721,2.242129124353468,11417.375613857737,335444.6398255733,234915.85687510454,210026.10435123686,1
722,6411.080914069415,4.362470940844519,1918.864060227265,41.67098784746964,148440.78729968893,1
723,105174.56803182383,5173.346786081745,3025.065453057343,9147.152195377812,9166666.666666668,0
724,184.9353535215798,84.98053111707137,215324.64173739174,77.91889496478649,90525.87807474413,1
725,1.6386160306701696,118.79145949668096,31924.63663257076,4961.371199704738,118781.54527346749,1
726,95561.67219109835,3.545769979232363,156630.03103004908,126.4912523006542,9166666.666666668,0
727,284.10615277690357,165.14397526614104,4.609544976798631,25.833578440326246,114140.5886520963,1
728,6951.2895865825585,1.3154948016084211,5.794585964921054,1.3921050077733201,119109.32052823555,1
729,27410.618118316626,1567.940741776141,9.298616750169229,24055.248037982197,9166666.666666668,0
730,100982.965856473,68765.3702470482,178596.04307556775,1.107924543653096,9166666.666666668,0
731,1118.8904622287737,21.298736653094263,1651.6101279744373,64.92995148856696,116172.88011431333,1
732,6.242981512625521,199.86653169801167,663.0390663313499,437163.5407850666,125780.27784202201,1
733,1.6573092586684666,36.208188089449955,71600.73327900365,5748.901343547578,88279.48381670362,1
734,19010.20565497111,2616.532008991199,21309.567877119975,644.386254311414,307785.76910765015,1
735,11.49385291888068,15583.101659360163,1721.8403413381034,6.237864185998203,213438.0516697167,1
736,14662.395738604471,91564.71578049024,93.92420476858814,47.067108681579015,9166666.666666668,0
737,2.6501825199015157,2750.8520229677483,291805.51735520025,5.9568719026093895,120927.29305592475,1
738,324.5118250636538,3.2247036478556237,1.5645567409407701,6123.102867569338,81514.52629179665,1
739,30990.458662000285,55.88508313883047,97939.85569814,4.646030975742378,9166666.666666668,0
740,17.049286376938102,46430.001558893324,790.647006640262,2924.6247579449855,9166666.666666668,0
741,1.5732068949797664,4.619105606958612,2.0794580663820037,143738.15660624902,54659.10141463146,1
742,4.98552655987942,25002.53770389797,100.12354598075895,36524.23406902898,9166666.666666668,0
743,77.53516495243613,24.297244169170007,3.4179800747993756,39.78674767871671,114140.5886520963,1
744,275.6906520237113,17041.199007200845,379.20072040623614,343702.1134972562,256351.81946487416,1
745,636.124163961304,1.3462349351371932,232.89801367679476,8433.645637659094,111606.19114372112,1
746,16.319804136352097,4132.114829955656,742.2596175197442,1.4017766162696859,118548.20981093726,1
747,10188.764711665603,795.3264576657812,2.9520791647477775,510.77604658315914,134613.17620648872,1
748,30.694048438355104,35752.9550873158,42.052394250954684,232619.63553916645,9166666.666666668,0
749,671.1706398808022,47.3210195710345,43288.11268346897,9428.960954489732,116946.61765797687,1
750,138.90173022549857,1815.355950803507,27360.773225635112,71285.68489964791,116991.78980703432,1
751,16820.027876550965,7.2381931265634964,52597.75546237734,2.158366779623526,206416.95276022487,1
752,10.866801026163344,1676.1988978792872,4.5043202671759905,2744.4785853552444,115237.85937856544,1
753,39.269784965496655,167.09299270114744,62.522878586697445,2.5114067567788325,114140.58865209634,1
754,390.81660155340506,97202.77450192154,3065.7373880213254,51.271100182281806,9166666.666666668,0
755,88944.43869787669,103.4492955251555,9443.492566784873,4109.508230797837,9166666.666666668,0
756,85576.30116510177,54208.45286461086,6.973819100283533,3.0783729194988925,9166666.666666668,0
757,15516.100212627765,48313.51733660621,644.8248736090949,8642.268993294701,9166666.666666668,0
758,2.29736768008399,13.731804838609197,7.100524866821374,2666.8349213668157,114140.5886520963,1
759,10.531361422438618,2.040656894426387,52.755803188636406,7234.57994420473,114140.58865209637,1
760,979.6599912560754,51.50656684184588,56230.392201175906,37.53611834424816,117815.75147753925,1
761,22.316102808980062,791.2958690759258,531.2960499890098,348.0044645245591,111606.7180133691,1
762,6.402662070273913,409.34994976297276,29.932365528586185,171.79929896884002,113605.0065378632,1
763,6266.53662250228,70678.52577056205,25717.090079811573,204.97240563881653,9166666.666666668,0
764,1173.7987665420167,7310.394595771201,229.42109045309678,112.990895647566,154929.03622621048,1
765,5.01223750705893,6470.727321558156,60066.91222959035,63.70962698083703,158062.7448873005,1
766,11363.384371903567,1440.5172969483674,29408.018462646214,220.90187809413231,163265.31359265436,1
767,7404.973034562377,130.16087947545918,3.205007842477239,1373.1966632946903,113304.76293799806,1
768,224.7227026951885,20.367108347774625,121374.41129242312,152.00907081555152,113629.43730393946,1
769,1.594117477805429,95.05379587211226,262.5842430736382,81366.8567166515,92479.24458416722,1
770,13697.623281193239,10.840399747591839,60478.69222130166,25.87794807334784,210444.38513926722,1
771,58.86841671586322,2.4981546959887706,2.0676354427778567,7589.294497338909,114140.5886520963,1
772,60158.599423888605,356.36925552508234,64634.55235146794,33386.013365101506,9166666.666666668,0
773,2757.006120133294,115718.3465878593,37294.50943654971,36.84087686635268,9166666.666666668,0
774,12134.16072419365,3848.3972249810545,189.17120989499227,2.7394695610072857,212899.95649202046,1
775,12.86899071551337,13383.696582757457,26.068149536646562,486141.5192058575,255819.64262515467,1
776,3909.7226050694776,295.22090760715594,1781.974918052463,3029.321226210503,149187.71958132615,1
777,103596.91277661221,6.873646348307946,35.67594688526045,11064.660623360387,9166666.666666668,0
778,17.43921010265006,32352.930538386336,94.3817167290004,10.729965256364672,9166666.666666668,0
779,1.763962726387075,1210.1920123547716,50496.170476256244,36.33613478360174,117463.43672777106,1
780,56139.44497679169,8357.98778784262,2.2353768593988423,1834.079985128056,9166666.666666668,0
781,865.2190864121926,11.155717775019921,80.64145946789999,408.9946886615646,113607.33225734376,1
782,1.7735979995403626,5.9601386516269335,8.603122247423109,144.96167188930121,114140.5886520963,1
783,7385.678677569684,20086.469214381334,8.47367549688202,19279.241577891135,9166666.666666668,0
784,2962.483587439881,40764.22817295282,331980.28749464836,5.120322037266384,9166666.666666668,0
785,2.6156237307839465,13787.201729230608,8.398600844658874,12.84914935748086,178505.6542361008,1
786,36770.406305339624,72471.62450391043,65.30674921665947,63021.79127407642,9166666.666666668,0
787,27894.7030394174,1360.0546963786649,1683.1432715480737,1912.8716101516015,9166666.666666668,0
788,36.26605623191421,1597.027044888034,24.443121058955285,10.2877663666725,113344.61356567111,1
789,137.2363748759599,4499.703298693253,3479.347051225871,315379.9121608385,162744.17787331538,1
790,2218.7828082516066,5.388332882986917,8.29426222771465,3.391461096981543,145573.72272375942,1
791,9.76186627220875,1244.653401558237,59892.09105089249,124200.95550593178,119511.33903163066,1
792,117.66943417444395,778.5324726296831,40888.784754650995,60.04551022772948,115681.3679418328,1
793,1211.259307247035,7.962821196063656,519.7435476204705,9.690219627651821,116173.33787571666,1
794,247.49201797534243,113.23350172004965,294.55285262827414,24.485482489797388,114140.5886520963,1
795,5.060259109169448,26.721995976688586,23.193135074683948,15301.430457450502,114140.58865209622,1
796,5141.956617795491,1060.0767636319656,3.315191163565648,1686.9776239143496,118412.31191356746,1
797,2.5712131311726996,1.2418387468477603,102.19618499914861,23.48866199776789,114140.5886520963,1
798,1196.6045946399893,64082.3257506203,12659.458045568303,23613.835574270102,9166666.666666668,0
799,83542.89425962258,1914.7553924051183,1960.9716075793147,2691.7054976071604,9166666.666666668,0
800,30303.09731818352,102.05540811730613,34087.66803817782,5214.260298287171,9166666.666666668,0
801,37.71291842938904,1.1772059932064265,15.715482769891766,9754.723707944064,114140.5886520963,1
802,1001.2209887909761,26.383185167494755,298.59103028744016,5859.58668481244,116172.2945711495,1
803,4.547884859265866,172.78998220719023,236.77121582285974,1236.7073388717272,114140.5886520963,1
804,502.88981290758784,80.05470846647947,22222.66154324273,2.416218929008816,113638.8670307778,1
805,1.5273915268679361,149.72719695603243,128894.27699840578,38.18206413466348,113685.83605609862,1
806,7.7963044357267,63751.63927625911,9.092834403595575,136.83745086241177,9166666.666666668,0
807,5935.411184981141,22.416431586903673,20.412940252094494,184.62633042834048,151821.7145101046,1
808,11897.94986332055,51919.79528946888,1.5077702776861694,8.728633635705657,9166666.666666668,0
809,91581.50024821037,1170.4202379057886,1388.2592759663057,43287.3525736049,9166666.666666668,0
810,1.6066526000302606,1.1792820788246374,326377.01689254947,52722.92344582442,89207.98471197835,1
811,7387.820019396853,6.39619057897574,520.1773781672296,219587.5744473227,163524.52893348492,1
812,67982.43347359692,1.1165132198346075,19427.904878571768,1.0852976031254993,9166666.666666668,0
813,124404.35069815989,143.9661164630896,353227.25015645503,124.67461444923717,9166666.666666668,0
814,32.92791045127401,43.36666940988844,14592.10962106214,13.73818914109174,114140.5886520963,1
815,29678.46710249274,1139.8774372658334,336894.4401389253,422053.2575985151,9166666.666666668,0
816,9.089059328519761,88555.41712754848,1.8417108129887492,1.441433223907599,9166666.666666668,0
817,76829.70903255291,95819.37647716976,6.90494255352306,332.13486072675767,9166666.666666668,0
818,360.9674282481554,28372.276832458847,3788.6242450865752,25955.584774008606,9166666.666666668,0
819,324.26908151370606,2271.1640042524486,15526.582801675355,16038.483578354477,113602.62423824314,1
820,1.0209280824614453,3.2895258771997837,118.16529556967963,2.232350661670105,114140.5886520963,1
821,96.02617958348513,103.85647048159497,175542.92313160983,1705.0043499877634,85250.15844077617,1
822,4530.422327653955,39104.014331337545,330.88854789400904,1.0260823168783724,9166666.666666668,0
823,29.986467184994112,16374.186428550667,137900.47920865382,100.74942101616669,196810.7393138,1
824,33.24494009983054,60999.08800850513,100.17484766466859,5213.456597145084,9166666.666666668,0
825,28.242697951091266,3.2124519356200976,718.6719688976591,182587.29168496173,86579.38819884168,1
826,1592.725740583765,12.047742237878094,7747.216071374566,23925.83551401481,113359.86472337926,1
827,45.73892369319416,784.3662433431308,7698.931234339967,8.200640347604327,111606.68696167808,1
828,97785.4969498531,216.63136353757528,382893.48394456884,12.033051489494508,9166666.666666668,0
829,319.1949593182809,7.2189435716342505,1.1429314974796136,22.680022093393095,82535.93805074393,1
830,122.16152656810678,170.44020310071198,112762.91330403647,4194.745910241301,85572.25799895411,1
831,177.30037499502777,130006.85635675119,3165.527143849917,68.99959775644214,9166666.666666668,0
832,3786.9381276945387,367.94934733388885,105135.22713279226,128585.1426643866,119922.78689408913,1
833,79.69649009124566,814.1759053911201,32.70656128980527,3725.4955741394165,111606.82053893775,1
834,136923.64051701888,20396.429542043184,122.50647146218657,3.4959866457601625,9166666.666666668,0
835,100840.31302552517,103.87866689707022,46.986047194536646,63.501782402843574,9166666.666666668,0
836,343.46940335034174,89584.43359128044,419499.0820959293,48.70991106834522,9166666.666666668,0
837,65.9529318055643,445.8178590071747,1.1134202414706733,9.917183053064509,82536.49861082553,1
838,70004.65409057021,1.420232587065375,3.76236381846254,249.6058343789243,9166666.666666668,0
839,6110.169262095826,24.64553544882864,55.42283318689971,55.06572364442068,152159.66228078146,1
840,32859.97326113768,14.801367551896886,1603.6557169153027,499548.44710350694,9166666.666666668,0
841,5896.630040579547,55.07844706768479,23031.791029392276,273109.6231937487,161317.27685164177,1
842,85.79575068535293,4620.944910640589,2.703997101390012,126552.23445678945,84677.45328127641,1
843,3.149441826998174,85.17150689169358,1235.1637166968924,31.777598834681562,114140.5886520963,1
844,2294.4430521337135,740.924045984783,12224.107824669418,104.28686667937741,113094.3129787252,1
845,670.2205217732288,15993.58234165644,41699.8179039251,11760.673481813585,194897.41155416865,1
846,638.4246119846641,3053.942801902559,3.1270020597835164,485.31374259777147,124255.57653508005,1
847,28325.739281649458,1392.4376088823635,232607.5321595271,31.199492422436993,9166666.666666668,0
848,3.151134322658609,1751.4926808962834,3.297495007331783,28665.926004269328,113489.9056174674,1
849,21.326625104017573,614.6512728123857,42073.96243746962,30973.474699539045,118087.67111642366,1
850,369.15776024875373,112478.64869443077,685.4826001664983,38.79930275832018,9166666.666666668,0
851,36.76306578617969,7065.8205405628405,309.7846563455979,243.59199538485467,158495.91557500852,1
852,1.2765578091946597,38.03186455730206,80038.20942551292,37944.43004296685,85652.57548749943,1
853,7311.531192870729,1.3173908421283083,1.425006552319116,59.57025524697924,120815.21774674143,1
854,285.6363239196583,51156.85358359028,155.59433621088868,44.085455951228404,9166666.666666668,0
855,904.3569631827701,54267.66915052558,16198.688747389266,76228.1613789758,9166666.666666668,0
856,8.771454952328893,4.471473249755744,1260.7967223256585,9425.305106759837,114140.5886520963,1
857,87721.34634487692,83.77144447165156,94.40980606335536,870.639106264618,9166666.666666668,0
858,3509.9527259854663,850.727996425502,13198.671913867998,147.02914062027892,145291.86817874585,1
859,29027.766248102787,8.85316117073555,63.14385372054822,25654.632561441053,9166666.666666668,0
860,54.634908456364045,2873.6190696690014,43.66665677594851,11.649359161474253,113809.32325172516,1
861,36.02626137806574,39008.410269538406,423.213123069881,19.259020687728874,9166666.666666668,0
862,46.110037105177554,1.033576733181413,20292.182566218908,19.325424042239952,114143.51046475637,1
863,1244.2105231450282,1.3488674077476612,56987.75289449859,11.701513242477363,116543.37951861254,1
864,1.0584773239992673,36.22226322283588,176128.03085582008,31.378382401116134,85301.00794536891,1
865,403.6941101044066,128.19138442678747,47.52451538961175,192734.84009947962,86497.15322790667,1
866,12131.364367135027,8784.819688262653,996.0215191107872,50218.29184924883,205998.5176862322,1
867,235.97639962921156,255.7782231100805,651.6337600887913,22.394649376776727,114140.5886520963,1
868,60381.8362116999,21.843242462347828,13.468060115785338,24.498199032985127,9166666.666666668,0
869,17009.405945908573,9507.412942693563,271.6870198674668,1.1982368210705983,9166666.666666668,0
870,112329.43559754391,4.852800460093174,71159.40284385347,28511.260779082124,9166666.666666668,0
871,71707.71009999607,10073.523824971231,77.35292781182994,20.97351287594193,9166666.666666668,0
872,90.14925751149676,11.251171072869926,12613.479429570796,51322.15625784039,117819.88322810607,1
873,2218.33279884261,9.188253314134013,1.6332563176492956,2030.904071682061,114207.26507534484,1
874,248.22082515822382,10.806517401853183,125.22732908944165,1218.4282198381213,114140.5886520963,1
875,1888.1510418722296,293.19171281041235,343509.34276702,1.8341838691353491,88344.52099334763,1
876,2552.373490276222,51045.17593883355,22.293196457332645,16.516227429902816,9166666.666666668,0
877,8818.334572497635,329.24193414310645,451221.56724855746,2277.1825230748177,167124.46290539682,1
878,60230.95096878704,1.15665213573766,7.598303936130455,7952.132475935837,9166666.666666668,0
879,143.10932619206707,21233.85760816926,278.14891128990945,11570.357706787405,9166666.666666668,0
880,852.1104971114494,4.174762817577275,12347.595437169932,10606.978969847447,113607.26695390299,1
881,3.971620201103632,810.0372397748744,81.81998244185283,412.07013920434076,111606.80199355427,1
882,154.25440527622897,3.485955814552369,7.953682652160661,3.1240623973658725,114140.5886520963,1
883,9.911133019623183,25842.227044317,1.379602086680093,288.25295142733404,9166666.666666668,0
884,13986.84752819527,3.303281735799215,19.84873894784366,13984.826196849828,175848.60967697718,1
885,2247.9698706648264,820.8480292925002,9.509898144946842,33729.38360935038,120625.94723555364,1
886,5.394762728996984,4.985700712549975,33953.21236966773,127.1137908075627,118807.48111199214,1
887,41.50827842251579,27.696951398381934,71.12238085798516,87.29683825689683,114140.5886520963,1
888,4022.1913895892267,17.523428434563858,71.45386086154036,26521.989805736062,148472.25600873015,1
889,53278.34192923665,1486.2604073666746,3.9725158311256847,1220.3228299630123,9166666.666666668,0
890,1775.9909299588621,42.22458791825313,52329.82578360922,28644.66077878788,117256.31403351924,1
891,950.2546772698397,5.631368210205022,9426.621173976062,126638.33112969983,118131.2895667064,1
892,19.703626577656475,91673.89520592718,24867.33385252651,51.46638284953668,9166666.666666668,0
893,1558.5560628711455,39.21470843707249,3.6886244636735723,49750.62571865194,113731.27065113536,1
894,2794.3317897775114,1507.035227232437,6.460096159992046,141.46885818030054,116364.79092032768,1
895,34478.4990208065,7.002913984022081,1.8749820574243854,12.284755947474686,9166666.666666668,0
896,19.722163203685415,11381.649767039238,4940.134837805759,1.2555551502309406,163701.5110848935,1
897,1.2288328718610593,859.6222537452579,4065.506250320383,5.185319691911374,111607.02418427459,1
898,1444.8002542141999,17.542174330393042,82.97835682888211,213.75629506117664,117293.06250976767,1
899,3.9942465535782894,96618.52269331385,354367.9306564982,343.59851485399105,9166666.666666668,0
900,21.51146492295509,91574.03180329825,45928.74354442824,13407.786918057707,9166666.666666668,0
901,245.68574305669665,133.4113650010728,27636.82354085539,914.6664794520215,113719.06840303616,1
902,2625.629448185972,852.445344044706,11447.832671399792,3.4379661433898625,85740.60842754251,1
903,90.07437074110938,7.326033295593075,23.95526204656461,13.947344500200447,114140.5886520963,1
904,402.9416439000607,1.25403437637377,311617.9376522318,906.899745542988,88705.0190531394,1
905,1.871177364264595,3391.3524082292497,34.07100404247043,4.059432343133057,153002.94928572615,1
906,19848.498158202656,10.57761640922815,3.9535882382875336,2.11012492012566,204162.124142076,1
907,5903.116687172144,2464.58485605791,1.1135934203749407,18.289884231685424,120855.75933693082,1
908,4441.181291482146,6.13048660973588,1935.9111135965668,16.39729878388828,150117.03125482314,1
909,211.48406760848184,30893.060014145987,53.02588951758989,8115.888539839014,9166666.666666668,0
910,185.6024300402587,3.1456353109677444,113.56591682342344,62291.65410416505,92097.74099994314,1
911,108786.78678291946,23671.17676065087,8.40494223264613,93.12089214395377,9166666.666666668,0
912,20058.83760637091,736.2340588898925,26513.042961478037,27074.690846984373,227637.4222560052,1
913,2.333229512442884,59.20080759589028,536.9442438414135,243672.95817733312,88932.37394838281,1
914,44597.88317762321,154.75765813458264,3.509112173008579,202.05721299976693,9166666.666666668,0
915,594.1342047898995,48000.12817931164,47.91903883423483,57.57149425059977,9166666.666666668,0
916,1763.427698955077,412.01933075682723,13.069269766661279,6.6803043636040025,113469.45783310031,1
917,341.729309471086,10819.288879985836,27449.594996604286,363978.67874678184,169010.7466590196,1
918,95.71595132409257,106.89872569243649,1.024163387170886,53662.903907371416,83410.25614115394,1
919,2223.3500124500183,9664.672654470534,480.9140882819372,175450.6938105803,136867.51115604962,1
920,1.4148020306451439,3.9509899256239343,138.9669459177661,3.055033786063346,114140.5886520963,1
921,2.850464900330201,859.3789676165966,17.047979199042626,3720.5348048147653,111607.02309410826,1
922,64663.36419195962,18386.09518510288,26.049376143082014,3.2432940580509846,9166666.666666668,0
923,82848.17176425143,140475.85935341922,136.21821933745218,422.07136892837417,9166666.666666668,0
924,5.6527567083354056,4741.989563806055,253.52282892920644,37701.55176964215,155941.2954022447,1
925,973.0618858633408,1.6651482322566564,81.07666555756026,40566.29291973308,116686.30677747844,1
926,3645.358513031358,1879.5032624531243,6801.172409488979,2805.99572927079,150148.27413739174,1
927,2082.1788119153034,1626.8827588160825,1096.4525115938916,20815.08260268078,113631.56714815916,1
928,81.75742946011188,288.3214879652393,194.02110922812105,15.56984587366367,114140.5886520963,1
929,46.35820858060037,1.926473601888743,71.64274562170044,168.23692849467892,114140.5886520963,1
930,3.0434390701700487,13.838718330830279,26.43205525453741,19.785448230509886,114140.5886520963,1
931,64.97996722991572,5.622014237429163,14750.416749573218,89.69737680192748,114140.5886520963,1
932,4.299061106947312,1181.7527987101432,10.563541950068247,2.1422059937542053,86483.93321268877,1
933,7.001885893768021,149.2558889832235,8959.56302386621,4527.873657032286,114140.5886520963,1
934,1.0640122407587442,12768.644991114843,81.8605353067357,7476.172858085612,176438.67980457496,1
935,1.47611202598871,109.21540093805098,1.2934798237283558,44908.51743821693,96272.4769285828,1
936,9.284514285889033,3101.141107904391,37.9307779968187,5.906931582864753,113895.42352422855,1
937,65357.22026808965,1201.9923750719358,119036.35597798086,55.8857126454171,9166666.666666668,0
938,19738.012383387948,74857.2200390914,178.7066752494582,142107.0882008584,9166666.666666668,0
939,54.25432738580971,47.88055966924836,472770.78480530326,267767.93907705805,100041.45062337138,1
940,15.252794611217611,21549.34599478709,89.46582527501948,380783.9329992396,9166666.666666668,0
941,25045.72455376645,48299.750314731275,1859.294284467607,47.46349708157574,9166666.666666668,0
942,10.529492969557689,539.8998836005838,6713.48426784175,16882.283194182935,113605.59157397349,1
943,7.619369888040773,594.0255897873842,305.7572638430285,15.36963424251997,113605.83412861664,1
944,728.087235846356,26.801222468186065,1120.1079293391326,13.817108062200102,113606.64910426554,1
945,45518.16009554145,56.24074652067776,3008.0052724556413,4.953274973478244,9166666.666666668,0
946,1824.0069269711153,25.592082218540916,282647.3003417595,176.3085360081957,124222.8984906424,1
947,1393.1303989277562,13.093919771302462,81194.5799981418,38359.16755818855,117245.16363728765,1
948,18.682319404999753,51960.1287909471,1.6937225359201227,19448.747585604844,9166666.666666668,0
949,234.40702208030706,21106.395363257743,449.56300537611236,2.3645603128673764,9166666.666666668,0
950,14.880596805361579,140273.25998043575,80.25426733653755,8.195484313451967,9166666.666666668,0
951,14827.020694919598,1.711139984331923,2.390349927038337,49.60787223746081,178377.6202215457,1
952,1.7593480763202907,142527.84529728524,8684.05950985172,914.3396245470376,9166666.666666668,0
953,14710.06911096106,2685.914216221388,9.714753240917677,17.851981829988734,188794.9840320236,1
954,30993.08503675979,55.48078255460672,355.704111686345,169.46136137797652,9166666.666666668,0
955,1.8591355486853092,4435.451751564289,1196.3713011471361,7133.489806488418,154966.52208669495,1
956,27.551868949170274,127.7095939531569,12.52867710471446,246.46697107037656,114140.5886520963,1
957,2412.8547811607855,77588.3826523418,6039.801718090969,983.7155776315484,9166666.666666668,0
958,142.94031700826483,3.5183156335410657,523.3980593752152,7.655196981917589,114140.5886520963,1
959,1031.4637971159777,6023.175469219455,247770.78697282617,49.17627045995684,157616.80093774435,1
960,113.34941676778573,8.850665654288216,100775.88746980546,49704.00489706604,87992.81096617521,1
961,10262.735521193363,1.9794223414238366,1488.4265241021574,21.844154554659763,168073.1135752721,1
962,4.163911597550538,11109.659176943069,16.06186273935429,714.6787121448845,162908.6694348242,1
963,528.5945856507607,12.704779056548903,638.8245845162296,1.9999494192486167,80009.35355247455,1
964,1.0008638559972758,36026.88022101601,233.57563991212646,148374.14028882855,9166666.666666668,0
965,370.6228458532329,170.39461881893592,48.57294251559349,2.9210756537240186,57346.29419801153,1
966,40.08738868950688,1410.904507589054,22238.040280165762,1208.2266274772105,113325.12631715197,1
967,8410.105516945654,6.554455732766299,2107.981892453346,107134.4924669492,165894.47229785757,1
968,13.433275620738518,15.081175781348449,18420.204281393228,42450.93484984149,117642.45433234573,1
969,19.22695186185581,52.027812353425524,3985.059983522168,186.48778138025838,114140.5886520963,1
970,1698.000164730964,371.16511397036464,25645.761804046368,66175.01154900783,116899.73049527309,1
971,29597.052810768313,1463.2199355623502,3098.1214369990475,365.1944669370286,9166666.666666668,0
972,1.3897376289505357,35.36585148679595,2.306807671781832,312.55395704158366,114140.5886520963,1
973,24946.703880226436,1227.7267182599303,7076.8503916743275,11.788316613807162,9166666.666666668,0
974,22.693078134822418,6.988547334775457,63453.85021801261,39.58179205129026,88388.70416214537,1
975,814.0522788218453,5.3764372359061,5.088726026973569,95.69013360914309,113607.07735816944,1
976,51.278828378034994,50.370278145251255,2658.8750443653203,63.21474944667749,114140.5886520963,1
977,9528.993087932266,2.9465931233314455,70.94876842291889,6511.957634262194,185810.42806125947,1
978,1320.7834757274306,4.155504410112333,319.5554693228059,57.84207198631689,117424.43180967408,1
979,1864.7431546497278,4.701326560391017,6630.329033296921,439.91389808087416,144407.81397821804,1
980,26.476200646315313,7393.29988414833,11.773148688275855,7.372239666463821,159113.28359581603,1
981,1.2008360824861777,28718.99550983938,639.7001428436206,880.5352738517115,9166666.666666668,0
982,3.926646246220544,3.6129264101081193,79.84019931061817,874.9494360913377,114140.5886520963,1
983,4244.031187763623,383.9449221814174,54831.04908560814,141.49711285590178,150186.45670231793,1
984,1.3976100329758194,160.6212738191179,3.050896219567677,68.45079891430385,114140.5886520963,1
985,125675.47753344326,27399.578138706718,22.261479112334595,138.86686104944903,9166666.666666668,0
986,170.51008287755212,8991.919969048347,1.5512120433764984,1.6600073381783835,93370.99418965811,1
987,4.038431961512567,1787.5880807024391,230.40332228450538,68865.49828548465,116656.86781224803,1
988,29.533135819699165,340.73218243149034,10664.748703232477,1279.6325213445748,114191.34336485392,1
989,43.630038451767284,6.159923110665087,1204.7104206805031,6.458707879563612,114140.5886520963,1
990,72765.51432590977,623.050243990488,9.927435536770055,12791.464171586475,9166666.666666668,0
991,3.4353400096063567,9865.153620304929,403.716897721973,5.702122001878851,159894.28660329536,1
992,1.558144459640641,138616.5705871313,36.61142688918737,267199.9262028072,9166666.666666668,0
993,395.86825440141223,401.4704011074568,3.3037227449038884,261844.7944991429,89229.3882997556,1
994,6216.356007068566,484.15300186353346,4.845536043202223,10.02710355116169,155921.9329768572,1
995,172.55747902729235,75.00405014633193,1516.3929597709298,2.723215574141231,114140.5886520963,1
996,1.6174642033613051,442.0956274076179,1.4535451119509297,2.184664741424528,51759.62149862222,1
997,88.71105255240077,2.0882096714516676,157.31851551165065,23.86321415295203,114140.5886520963,1
998,9.37381101708333,124.35399399357345,4.82312770979455,98.30695981084051,114140.58865209631,1
999,178.2155485724459,19777.482037715596,207030.55855491874,57.175699847839844,9166666.666666668,0
