,conc_end,tf,utility
0,0.0,1.4126946158125344e-08,7.540013547087043e-07
1,22.22222222222222,7.322318409586378,211.0227172231461
2,44.44444444444444,11.728986659092152,318.74769413605236
3,66.66666666666666,15.798998255401582,412.0656542386459
4,88.88888888888889,19.943924850039977,498.48501244721473
5,111.11111111111111,24.15709939064693,581.490092205888
6,133.33333333333331,28.438777564496068,662.8546879459976
7,155.55555555555554,32.80035445746068,743.5841606372562
8,177.77777777777777,37.24577330630318,824.3489546481587
9,200.0,41.775484810526585,905.6283715327666
