,conc_end,tf,utility
0,0.0,1.085613722699834e-08,6.928842913653318e-07
1,0.3333333333333333,10.845924110463592,312.56990654316763
2,0.6666666666666666,17.373145010106455,472.13370318419817
3,1.0,23.4017049372052,610.3576187154713
4,1.3333333333333333,29.54123046005267,738.3632235602286
5,1.6666666666666665,35.78184567416524,861.3115503069432
6,2.0,42.12392943254967,981.8299684740678
7,2.333333333333333,48.58434602357942,1101.407690442682
8,2.6666666666666665,55.16897913891281,1221.0376163754695
9,3.0,61.87845344998656,1341.4298664245728
