,conc_end,tf,utility
0,0.0,7.588261303877726e-10,1.8693324594806395e-07
1,22.22222222222222,7.544693381018687,217.43136289596433
2,44.44444444444444,12.085189656134714,328.42788965532384
3,66.66666666666666,16.27880529649907,424.5798659185406
4,88.88888888888889,20.54961108820078,513.6237333679085
5,111.11111111111111,24.890737468690308,599.1496326137499
6,133.33333333333331,29.3024478992938,682.9852272327005
7,155.55555555555554,33.79648349441295,766.1664106240694
8,177.77777777777777,38.37690735079727,849.3839876961098
9,200.0,43.04418374955552,933.1318166261735
