,conc_end,tf,utility
0,0.0,0.0,3.354705632527159e-07
1,1111.111111111111,71.12111204994488,2049.6473299854765
2,2222.222222222222,113.92274004942837,3095.971697207548
3,3333.333333333333,153.45444416436789,4002.361839650333
4,4444.444444444444,193.71379920625492,4841.746366708041
5,5555.555555555556,234.636038094128,5647.968283758194
6,6666.666666666666,276.22364709379536,6438.2563079658685
7,7777.777777777777,318.58730576168847,7222.37543298778
8,8888.888888888889,361.7653154778362,8006.83762834738
9,10000.0,405.7620528445672,8796.298317651874
