,conc_end,tf,utility
0,0.0,9.747412436199566e-09,6.722590746060616e-07
1,0.3333333333333333,12.08795616213621,348.3641649896816
2,0.6666666666666666,19.362648242253574,526.2005714690187
3,1.0,26.08157450807211,680.253339577448
4,1.3333333333333333,32.92417432353784,822.9176343902844
5,1.6666666666666665,39.87943990160961,959.9455130170913
6,2.0,46.94779379298568,1094.2652196453398
7,2.333333333333333,54.14804743917059,1227.5364416036903
8,2.6666666666666665,61.48671055203492,1360.8659731169437
9,3.0,68.96452709536027,1495.045063366165
