,volume,tf,utility
0,0.0,0.5343520839987026,4.96192519052827e-07
1,0.06302521008403361,0.534352084203517,0.019102859892626976
2,0.12605042016806722,0.5343520848023762,0.07641145450840622
3,0.18907563025210083,0.5343520858744996,0.1719257787821322
4,0.25210084033613445,0.5343520873981692,0.30564583259339945
5,0.31512605042016806,0.5343520894294759,0.47757161576286056
6,0.37815126050420167,0.5343520920302096,0.6877031280504853
7,0.4411764705882353,0.5343520952797576,0.9360403691402668
8,0.5042016806722689,0.5343520992821392,1.222583338616553
9,0.5672268907563025,0.5343521041753082,1.547332035927656
10,0.6302521008403361,0.534352110145115,1.9102864603302532
11,0.6932773109243697,0.5343521174469442,2.311446610802812
12,0.7563025210084033,0.5343521264404906,2.7508124859065597
13,0.819327731092437,0.5343521376481096,3.2283840835520956
14,0.8823529411764706,0.5343521518580762,3.744161400586328
15,0.9453781512605042,0.5343521703198302,4.298144432011483
16,1.0084033613445378,0.5343521951453402,4.890333169379684
17,1.0714285714285714,0.5343522302308096,5.520727597106172
18,1.134453781512605,0.5343522837277561,6.189327682585126
19,1.1974789915966386,0.5343523764388113,6.896133342609684
20,1.2605042016806722,0.5343525861085345,7.641144266366514
21,1.3235294117647058,0.5343539584637256,8.424356270389168
22,1.3865546218487395,0.5439169652566307,9.206349898295619
23,1.449579831932773,0.5644921192846452,9.97645649563849
24,1.5126050420168067,0.5893549159895961,10.75913234526506
25,1.5756302521008403,0.617512910393331,11.55712732225204
26,1.638655462184874,0.6474975989369544,12.375459270308129
27,1.7016806722689075,0.6799650078567101,13.21083445088828
28,1.7647058823529411,0.7137213125817792,14.067654722863603
29,1.8277310924369747,0.7489194762966958,14.944593606547619
30,1.8907563025210083,0.7841539976353958,15.84729836941541
31,1.953781512605042,0.823296820506655,16.759599730963274
32,2.0168067226890756,0.8622442733265738,17.697483183874184
33,2.079831932773109,0.9008832693249117,18.661465097729298
34,2.142857142857143,0.9391113731314453,19.65204387241375
35,2.2058823529411766,0.9829602382084404,20.644523343054455
36,2.26890756302521,1.027407457856148,21.65820176634147
37,2.3319327731092434,1.0721954183035247,22.69402423680197
38,2.3949579831932772,1.11725402409663,23.7522040005799
39,2.457983193277311,1.1625123079727666,24.832974640516813
40,2.5210084033613445,1.207899060000927,25.93658680367305
41,2.584033613445378,1.2533434770987313,27.06330477269722
42,2.6470588235294117,1.298775799762509,28.213403022271958
43,2.7100840336134455,1.344127919865228,29.387162836279803
44,2.773109243697479,1.3893339755302931,30.58486893448432
45,2.8361344537815123,1.435691131346339,31.801341053924126
46,2.899159663865546,1.4878028219133197,33.01737037033244
47,2.96218487394958,1.5406389262270441,34.25258357699988
48,3.0252100840336134,1.594193869444457,35.506878853981675
49,3.0882352941176467,1.648462696486934,36.78015535906254
50,3.1512605042016806,1.703440824665396,38.07231405042581
51,3.2142857142857144,1.7591236335716527,39.38325917158571
52,3.277310924369748,1.8155053920470086,40.71290239163971
53,3.340336134453781,1.8725832010115593,42.06114692433394
54,3.403361344537815,1.9303520802038538,43.42790702142435
55,3.466386554621849,1.988808370681317,44.81309423746563
56,3.5294117647058822,2.0479475030336975,46.21662630254737
57,3.5924369747899156,2.107765458042699,47.63842111708701
58,3.6554621848739495,2.1682588070470974,49.07839649790027
59,3.7184873949579833,2.2294235735144654,50.53647467071146
60,3.7815126050420167,2.2912549687343016,52.012583214260445
61,3.84453781512605,2.353752701241285,53.50663374572665
62,3.907563025210084,2.416909901318247,55.01856614493324
63,3.9705882352941178,2.4807240365350367,56.54830481791751
64,4.033613445378151,2.544599766202348,58.0981539471594
65,4.0966386554621845,2.598649269082292,59.70821237873661
66,4.159663865546218,2.6440199921185026,61.37517069913898
67,4.222689075630252,2.683313238157955,63.08950290746992
68,4.285714285714286,2.718272121628734,64.84485701230571
69,4.348739495798319,2.749753540530066,66.63826342930486
70,4.411764705882353,2.7784489986544667,68.46731713893135
71,4.474789915966387,2.8051745069985,70.32905787273612
72,4.53781512605042,2.8291241870544885,72.22695504918215
73,4.600840336134453,2.85216488440192,74.1537297968075
74,4.663865546218487,2.872834141320261,76.11543888133798
75,4.726890756302521,2.8929545002406964,78.104938982395
76,4.7899159663865545,2.91149268048904,80.12645122185457
77,4.852941176470588,2.9286939203278712,82.17919983349927
78,4.915966386554622,2.945434883891603,84.25974751662984
79,4.9789915966386555,2.9617312420835824,86.36807802521491
80,5.042016806722689,2.9761171844044156,88.51016510900523
81,5.105042016806722,2.989897144283278,90.68093691995767
82,5.168067226890756,3.0033116560248008,92.87946983130604
83,5.23109243697479,3.0163723792088666,95.10575326677277
84,5.294117647058823,3.0290921961526363,97.3597685689426
85,5.357142857142857,3.041148470651714,99.6428422100777
86,5.420168067226891,3.0517495816483025,101.95826544464181
87,5.483193277310924,3.062075635427034,104.30138684205734
88,5.546218487394958,3.072136805708465,106.6721906320928
89,5.609243697478991,3.0819420779448152,109.07066467758871
90,5.672268907563025,3.0914999909675225,111.49679756735318
91,5.735294117647059,3.100818806495976,113.95057799407019
92,5.798319327731092,3.1099063876956703,116.43199529240722
93,5.861344537815126,3.118770277385647,118.94103917657894
94,5.92436974789916,3.1274174837137885,121.4777006420714
95,5.987394957983193,3.1352753363244146,124.04430027179951
96,6.050420168067227,3.1423076489854713,126.64107712354523
97,6.11344537815126,3.149170627311101,129.26543526210133
98,6.1764705882352935,3.1558699867167257,131.91736561081274
99,6.239495798319328,3.1624109632541617,134.59686043319505
100,6.302521008403361,3.1687985647346806,137.30391235726466
101,6.3655462184873945,3.175037597973212,140.038514293698
102,6.428571428571429,3.1811326809648612,142.80065941273605
103,6.491596638655462,3.187088254325952,145.59034112255947
104,6.554621848739496,3.1929085860742346,148.40755307295606
105,6.617647058823529,3.198597783165101,151.25228913069233
106,6.680672268907562,3.2041597973206857,154.12454337651974
107,6.743697478991597,3.2095984313311012,157.02431009917427
108,6.80672268907563,3.2149174756935466,159.95158297316905
109,6.869747899159663,3.220120201235395,162.90635828131744
110,6.932773109243698,3.225210000765322,165.88863089235676
111,6.995798319327731,3.2301904064539477,168.89839421272697
112,7.0588235294117645,3.2350644413155805,171.93564425819218
113,7.121848739495798,3.2398351419656444,175.00037640517633
114,7.184873949579831,3.2445054224787735,178.09258623992147
115,7.2478991596638656,3.2490779973849233,181.2122698805728
116,7.310924369747899,3.253547362657215,184.35945577361778
117,7.373949579831932,3.257054237432609,187.53761897370347
118,7.436974789915967,3.260476418937036,190.74328395067954
119,7.5,3.2638285480981604,193.97639728652138
